2013/12/18 0:00:00 .dat file Monthly Record Subbasin  7in ARCGIS-swat2009  interface




 MONTH YEAR          FLOCNST          SEDCNST         ORGNCNST         ORGPCNST          NO3CNST          NH3CNST          NO2CNST         MINPCNST         CBODCNST        DISOXCNST         CHLACNST       SOLPSTCNST       SRBPSTCNST        BACTPCNST       BACTLPCNST        CMTL1CNST        CMTL2CNST        CMTL3CNST
     1 2001 1.2419354839E+05 0.0000000000E+00 6.2096800000E+00 0.0000000000E+00 3.7258060000E+01 1.8629030000E+01 0.0000000000E+00 0.0000000000E+00 0.0000000000E+00 0.0000000000E+00 0.0000000000E+00 0.0000000000E+00 0.0000000000E+00 0.0000000000E+00 0.0000000000E+00 0.0000000000E+00 0.0000000000E+00 0.0000000000E+00
     2 2001 1.1275000000E+06 0.0000000000E+00 5.6375000000E+01 0.0000000000E+00 3.3825000000E+02 1.6912500000E+02 0.0000000000E+00 0.0000000000E+00 0.0000000000E+00 0.0000000000E+00 0.0000000000E+00 0.0000000000E+00 0.0000000000E+00 0.0000000000E+00 0.0000000000E+00 0.0000000000E+00 0.0000000000E+00 0.0000000000E+00
     3 2001 9.1032258065E+05 0.0000000000E+00 4.5516130000E+01 0.0000000000E+00 2.7309677000E+02 1.3654839000E+02 0.0000000000E+00 0.0000000000E+00 0.0000000000E+00 0.0000000000E+00 0.0000000000E+00 0.0000000000E+00 0.0000000000E+00 0.0000000000E+00 0.0000000000E+00 0.0000000000E+00 0.0000000000E+00 0.0000000000E+00
     4 2001 1.1853333333E+06 0.0000000000E+00 5.9266670000E+01 0.0000000000E+00 3.5560000000E+02 1.7780000000E+02 0.0000000000E+00 0.0000000000E+00 0.0000000000E+00 0.0000000000E+00 0.0000000000E+00 0.0000000000E+00 0.0000000000E+00 0.0000000000E+00 0.0000000000E+00 0.0000000000E+00 0.0000000000E+00 0.0000000000E+00
     5 2001 1.6790322581E+06 0.0000000000E+00 8.3951610000E+01 0.0000000000E+00 5.0370968000E+02 2.5185484000E+02 0.0000000000E+00 0.0000000000E+00 0.0000000000E+00 0.0000000000E+00 0.0000000000E+00 0.0000000000E+00 0.0000000000E+00 0.0000000000E+00 0.0000000000E+00 0.0000000000E+00 0.0000000000E+00 0.0000000000E+00
     6 2001 1.3576666667E+06 0.0000000000E+00 6.7883330000E+01 0.0000000000E+00 4.0730000000E+02 2.0365000000E+02 0.0000000000E+00 0.0000000000E+00 0.0000000000E+00 0.0000000000E+00 0.0000000000E+00 0.0000000000E+00 0.0000000000E+00 0.0000000000E+00 0.0000000000E+00 0.0000000000E+00 0.0000000000E+00 0.0000000000E+00
     7 2001 1.4080645161E+06 0.0000000000E+00 7.0403230000E+01 0.0000000000E+00 4.2241935000E+02 2.1120968000E+02 0.0000000000E+00 0.0000000000E+00 0.0000000000E+00 0.0000000000E+00 0.0000000000E+00 0.0000000000E+00 0.0000000000E+00 0.0000000000E+00 0.0000000000E+00 0.0000000000E+00 0.0000000000E+00 0.0000000000E+00
     8 2001 1.8048387097E+06 0.0000000000E+00 9.0241940000E+01 0.0000000000E+00 5.4145161000E+02 2.7072581000E+02 0.0000000000E+00 0.0000000000E+00 0.0000000000E+00 0.0000000000E+00 0.0000000000E+00 0.0000000000E+00 0.0000000000E+00 0.0000000000E+00 0.0000000000E+00 0.0000000000E+00 0.0000000000E+00 0.0000000000E+00
     9 2001 1.8646666667E+06 0.0000000000E+00 9.3233330000E+01 0.0000000000E+00 5.5940000000E+02 2.7970000000E+02 0.0000000000E+00 0.0000000000E+00 0.0000000000E+00 0.0000000000E+00 0.0000000000E+00 0.0000000000E+00 0.0000000000E+00 0.0000000000E+00 0.0000000000E+00 0.0000000000E+00 0.0000000000E+00 0.0000000000E+00
    10 2001 1.2580645161E+06 0.0000000000E+00 6.2903230000E+01 0.0000000000E+00 3.7741935000E+02 1.8870968000E+02 0.0000000000E+00 0.0000000000E+00 0.0000000000E+00 0.0000000000E+00 0.0000000000E+00 0.0000000000E+00 0.0000000000E+00 0.0000000000E+00 0.0000000000E+00 0.0000000000E+00 0.0000000000E+00 0.0000000000E+00
    11 2001 8.6366666667E+05 0.0000000000E+00 4.3183330000E+01 0.0000000000E+00 2.5910000000E+02 1.2955000000E+02 0.0000000000E+00 0.0000000000E+00 0.0000000000E+00 0.0000000000E+00 0.0000000000E+00 0.0000000000E+00 0.0000000000E+00 0.0000000000E+00 0.0000000000E+00 0.0000000000E+00 0.0000000000E+00 0.0000000000E+00
    12 2001 1.6838709677E+05 0.0000000000E+00 8.4193500000E+00 0.0000000000E+00 5.0516130000E+01 2.5258060000E+01 0.0000000000E+00 0.0000000000E+00 0.0000000000E+00 0.0000000000E+00 0.0000000000E+00 0.0000000000E+00 0.0000000000E+00 0.0000000000E+00 0.0000000000E+00 0.0000000000E+00 0.0000000000E+00 0.0000000000E+00
     1 2002 4.7612903226E+05 0.0000000000E+00 2.3806450000E+01 0.0000000000E+00 1.4283871000E+02 7.1419350000E+01 0.0000000000E+00 0.0000000000E+00 0.0000000000E+00 0.0000000000E+00 0.0000000000E+00 0.0000000000E+00 0.0000000000E+00 0.0000000000E+00 0.0000000000E+00 0.0000000000E+00 0.0000000000E+00 0.0000000000E+00
     2 2002 2.8142857143E+05 0.0000000000E+00 1.4071430000E+01 0.0000000000E+00 8.4428570000E+01 4.2214290000E+01 0.0000000000E+00 0.0000000000E+00 0.0000000000E+00 0.0000000000E+00 0.0000000000E+00 0.0000000000E+00 0.0000000000E+00 0.0000000000E+00 0.0000000000E+00 0.0000000000E+00 0.0000000000E+00 0.0000000000E+00
     3 2002 1.7774193548E+05 0.0000000000E+00 8.8871000000E+00 0.0000000000E+00 5.3322580000E+01 2.6661290000E+01 0.0000000000E+00 0.0000000000E+00 0.0000000000E+00 0.0000000000E+00 0.0000000000E+00 0.0000000000E+00 0.0000000000E+00 0.0000000000E+00 0.0000000000E+00 0.0000000000E+00 0.0000000000E+00 0.0000000000E+00
     4 2002 8.9700000000E+05 0.0000000000E+00 4.4850000000E+01 0.0000000000E+00 2.6910000000E+02 1.3455000000E+02 0.0000000000E+00 0.0000000000E+00 0.0000000000E+00 0.0000000000E+00 0.0000000000E+00 0.0000000000E+00 0.0000000000E+00 0.0000000000E+00 0.0000000000E+00 0.0000000000E+00 0.0000000000E+00 0.0000000000E+00
     5 2002 7.6258064516E+05 0.0000000000E+00 3.8129030000E+01 0.0000000000E+00 2.2877419000E+02 1.1438710000E+02 0.0000000000E+00 0.0000000000E+00 0.0000000000E+00 0.0000000000E+00 0.0000000000E+00 0.0000000000E+00 0.0000000000E+00 0.0000000000E+00 0.0000000000E+00 0.0000000000E+00 0.0000000000E+00 0.0000000000E+00
     6 2002 2.3196666667E+06 0.0000000000E+00 1.1598333000E+02 0.0000000000E+00 6.9590000000E+02 3.4795000000E+02 0.0000000000E+00 0.0000000000E+00 0.0000000000E+00 0.0000000000E+00 0.0000000000E+00 0.0000000000E+00 0.0000000000E+00 0.0000000000E+00 0.0000000000E+00 0.0000000000E+00 0.0000000000E+00 0.0000000000E+00
     7 2002 1.4541935484E+06 0.0000000000E+00 7.2709680000E+01 0.0000000000E+00 4.3625806000E+02 2.1812903000E+02 0.0000000000E+00 0.0000000000E+00 0.0000000000E+00 0.0000000000E+00 0.0000000000E+00 0.0000000000E+00 0.0000000000E+00 0.0000000000E+00 0.0000000000E+00 0.0000000000E+00 0.0000000000E+00 0.0000000000E+00
     8 2002 2.3041935484E+06 0.0000000000E+00 1.1520968000E+02 0.0000000000E+00 6.9125806000E+02 3.4562903000E+02 0.0000000000E+00 0.0000000000E+00 0.0000000000E+00 0.0000000000E+00 0.0000000000E+00 0.0000000000E+00 0.0000000000E+00 0.0000000000E+00 0.0000000000E+00 0.0000000000E+00 0.0000000000E+00 0.0000000000E+00
     9 2002 1.8350000000E+06 0.0000000000E+00 9.1750000000E+01 0.0000000000E+00 5.5050000000E+02 2.7525000000E+02 0.0000000000E+00 0.0000000000E+00 0.0000000000E+00 0.0000000000E+00 0.0000000000E+00 0.0000000000E+00 0.0000000000E+00 0.0000000000E+00 0.0000000000E+00 0.0000000000E+00 0.0000000000E+00 0.0000000000E+00
    10 2002 6.6483870968E+05 0.0000000000E+00 3.3241940000E+01 0.0000000000E+00 1.9945161000E+02 9.9725810000E+01 0.0000000000E+00 0.0000000000E+00 0.0000000000E+00 0.0000000000E+00 0.0000000000E+00 0.0000000000E+00 0.0000000000E+00 0.0000000000E+00 0.0000000000E+00 0.0000000000E+00 0.0000000000E+00 0.0000000000E+00
    11 2002 5.6100000000E+05 0.0000000000E+00 2.8050000000E+01 0.0000000000E+00 1.6830000000E+02 8.4150000000E+01 0.0000000000E+00 0.0000000000E+00 0.0000000000E+00 0.0000000000E+00 0.0000000000E+00 0.0000000000E+00 0.0000000000E+00 0.0000000000E+00 0.0000000000E+00 0.0000000000E+00 0.0000000000E+00 0.0000000000E+00
    12 2002 5.1096774194E+05 0.0000000000E+00 2.5548390000E+01 0.0000000000E+00 1.5329032000E+02 7.6645160000E+01 0.0000000000E+00 0.0000000000E+00 0.0000000000E+00 0.0000000000E+00 0.0000000000E+00 0.0000000000E+00 0.0000000000E+00 0.0000000000E+00 0.0000000000E+00 0.0000000000E+00 0.0000000000E+00 0.0000000000E+00
     1 2003 6.4806451613E+05 0.0000000000E+00 3.2403230000E+01 0.0000000000E+00 1.9441935000E+02 9.7209680000E+01 0.0000000000E+00 0.0000000000E+00 0.0000000000E+00 0.0000000000E+00 0.0000000000E+00 0.0000000000E+00 0.0000000000E+00 0.0000000000E+00 0.0000000000E+00 0.0000000000E+00 0.0000000000E+00 0.0000000000E+00
     2 2003 7.6357142857E+05 0.0000000000E+00 3.8178570000E+01 0.0000000000E+00 2.2907143000E+02 1.1453571000E+02 0.0000000000E+00 0.0000000000E+00 0.0000000000E+00 0.0000000000E+00 0.0000000000E+00 0.0000000000E+00 0.0000000000E+00 0.0000000000E+00 0.0000000000E+00 0.0000000000E+00 0.0000000000E+00 0.0000000000E+00
     3 2003 4.9225806452E+05 0.0000000000E+00 2.4612900000E+01 0.0000000000E+00 1.4767742000E+02 7.3838710000E+01 0.0000000000E+00 0.0000000000E+00 0.0000000000E+00 0.0000000000E+00 0.0000000000E+00 0.0000000000E+00 0.0000000000E+00 0.0000000000E+00 0.0000000000E+00 0.0000000000E+00 0.0000000000E+00 0.0000000000E+00
     4 2003 5.1100000000E+05 0.0000000000E+00 2.5550000000E+01 0.0000000000E+00 1.5330000000E+02 7.6650000000E+01 0.0000000000E+00 0.0000000000E+00 0.0000000000E+00 0.0000000000E+00 0.0000000000E+00 0.0000000000E+00 0.0000000000E+00 0.0000000000E+00 0.0000000000E+00 0.0000000000E+00 0.0000000000E+00 0.0000000000E+00
     5 2003 9.1322580645E+05 0.0000000000E+00 4.5661290000E+01 0.0000000000E+00 2.7396774000E+02 1.3698387000E+02 0.0000000000E+00 0.0000000000E+00 0.0000000000E+00 0.0000000000E+00 0.0000000000E+00 0.0000000000E+00 0.0000000000E+00 0.0000000000E+00 0.0000000000E+00 0.0000000000E+00 0.0000000000E+00 0.0000000000E+00
     6 2003 1.0516666667E+06 0.0000000000E+00 5.2583330000E+01 0.0000000000E+00 3.1550000000E+02 1.5775000000E+02 0.0000000000E+00 0.0000000000E+00 0.0000000000E+00 0.0000000000E+00 0.0000000000E+00 0.0000000000E+00 0.0000000000E+00 0.0000000000E+00 0.0000000000E+00 0.0000000000E+00 0.0000000000E+00 0.0000000000E+00
     7 2003 3.5032258065E+05 0.0000000000E+00 1.7516130000E+01 0.0000000000E+00 1.0509677000E+02 5.2548390000E+01 0.0000000000E+00 0.0000000000E+00 0.0000000000E+00 0.0000000000E+00 0.0000000000E+00 0.0000000000E+00 0.0000000000E+00 0.0000000000E+00 0.0000000000E+00 0.0000000000E+00 0.0000000000E+00 0.0000000000E+00
     8 2003 9.8516129032E+05 0.0000000000E+00 4.9258060000E+01 0.0000000000E+00 2.9554839000E+02 1.4777419000E+02 0.0000000000E+00 0.0000000000E+00 0.0000000000E+00 0.0000000000E+00 0.0000000000E+00 0.0000000000E+00 0.0000000000E+00 0.0000000000E+00 0.0000000000E+00 0.0000000000E+00 0.0000000000E+00 0.0000000000E+00
     9 2003 1.5096666667E+06 0.0000000000E+00 7.5483330000E+01 0.0000000000E+00 4.5290000000E+02 2.2645000000E+02 0.0000000000E+00 0.0000000000E+00 0.0000000000E+00 0.0000000000E+00 0.0000000000E+00 0.0000000000E+00 0.0000000000E+00 0.0000000000E+00 0.0000000000E+00 0.0000000000E+00 0.0000000000E+00 0.0000000000E+00
    10 2003 1.0009677419E+06 0.0000000000E+00 5.0048390000E+01 0.0000000000E+00 3.0029032000E+02 1.5014516000E+02 0.0000000000E+00 0.0000000000E+00 0.0000000000E+00 0.0000000000E+00 0.0000000000E+00 0.0000000000E+00 0.0000000000E+00 0.0000000000E+00 0.0000000000E+00 0.0000000000E+00 0.0000000000E+00 0.0000000000E+00
    11 2003 6.4800000000E+05 0.0000000000E+00 3.2400000000E+01 0.0000000000E+00 1.9440000000E+02 9.7200000000E+01 0.0000000000E+00 0.0000000000E+00 0.0000000000E+00 0.0000000000E+00 0.0000000000E+00 0.0000000000E+00 0.0000000000E+00 0.0000000000E+00 0.0000000000E+00 0.0000000000E+00 0.0000000000E+00 0.0000000000E+00
    12 2003 6.3774193548E+05 0.0000000000E+00 3.1887100000E+01 0.0000000000E+00 1.9132258000E+02 9.5661290000E+01 0.0000000000E+00 0.0000000000E+00 0.0000000000E+00 0.0000000000E+00 0.0000000000E+00 0.0000000000E+00 0.0000000000E+00 0.0000000000E+00 0.0000000000E+00 0.0000000000E+00 0.0000000000E+00 0.0000000000E+00
     1 2004 5.7096774190E+04 0.0000000000E+00 2.8548400000E+00 0.0000000000E+00 1.7129030000E+01 8.5645200000E+00 0.0000000000E+00 0.0000000000E+00 0.0000000000E+00 0.0000000000E+00 0.0000000000E+00 0.0000000000E+00 0.0000000000E+00 0.0000000000E+00 0.0000000000E+00 0.0000000000E+00 0.0000000000E+00 0.0000000000E+00
     2 2004 2.6344827586E+05 0.0000000000E+00 1.3172410000E+01 0.0000000000E+00 7.9034480000E+01 3.9517240000E+01 0.0000000000E+00 0.0000000000E+00 0.0000000000E+00 0.0000000000E+00 0.0000000000E+00 0.0000000000E+00 0.0000000000E+00 0.0000000000E+00 0.0000000000E+00 0.0000000000E+00 0.0000000000E+00 0.0000000000E+00
     3 2004 2.8709677419E+05 0.0000000000E+00 1.4354840000E+01 0.0000000000E+00 8.6129030000E+01 4.3064520000E+01 0.0000000000E+00 0.0000000000E+00 0.0000000000E+00 0.0000000000E+00 0.0000000000E+00 0.0000000000E+00 0.0000000000E+00 0.0000000000E+00 0.0000000000E+00 0.0000000000E+00 0.0000000000E+00 0.0000000000E+00
     4 2004 3.3566666667E+05 0.0000000000E+00 1.6783330000E+01 0.0000000000E+00 1.0070000000E+02 5.0350000000E+01 0.0000000000E+00 0.0000000000E+00 0.0000000000E+00 0.0000000000E+00 0.0000000000E+00 0.0000000000E+00 0.0000000000E+00 0.0000000000E+00 0.0000000000E+00 0.0000000000E+00 0.0000000000E+00 0.0000000000E+00
     5 2004 6.5129032258E+05 0.0000000000E+00 3.2564520000E+01 0.0000000000E+00 1.9538710000E+02 9.7693550000E+01 0.0000000000E+00 0.0000000000E+00 0.0000000000E+00 0.0000000000E+00 0.0000000000E+00 0.0000000000E+00 0.0000000000E+00 0.0000000000E+00 0.0000000000E+00 0.0000000000E+00 0.0000000000E+00 0.0000000000E+00
     6 2004 1.0073333333E+06 0.0000000000E+00 5.0366670000E+01 0.0000000000E+00 3.0220000000E+02 1.5110000000E+02 0.0000000000E+00 0.0000000000E+00 0.0000000000E+00 0.0000000000E+00 0.0000000000E+00 0.0000000000E+00 0.0000000000E+00 0.0000000000E+00 0.0000000000E+00 0.0000000000E+00 0.0000000000E+00 0.0000000000E+00
     7 2004 3.5677419355E+05 0.0000000000E+00 1.7838710000E+01 0.0000000000E+00 1.0703226000E+02 5.3516130000E+01 0.0000000000E+00 0.0000000000E+00 0.0000000000E+00 0.0000000000E+00 0.0000000000E+00 0.0000000000E+00 0.0000000000E+00 0.0000000000E+00 0.0000000000E+00 0.0000000000E+00 0.0000000000E+00 0.0000000000E+00
     8 2004 5.7064516129E+05 0.0000000000E+00 2.8532260000E+01 0.0000000000E+00 1.7119355000E+02 8.5596770000E+01 0.0000000000E+00 0.0000000000E+00 0.0000000000E+00 0.0000000000E+00 0.0000000000E+00 0.0000000000E+00 0.0000000000E+00 0.0000000000E+00 0.0000000000E+00 0.0000000000E+00 0.0000000000E+00 0.0000000000E+00
     9 2004 1.5473333333E+06 0.0000000000E+00 7.7366670000E+01 0.0000000000E+00 4.6420000000E+02 2.3210000000E+02 0.0000000000E+00 0.0000000000E+00 0.0000000000E+00 0.0000000000E+00 0.0000000000E+00 0.0000000000E+00 0.0000000000E+00 0.0000000000E+00 0.0000000000E+00 0.0000000000E+00 0.0000000000E+00 0.0000000000E+00
    10 2004 9.9870967742E+05 0.0000000000E+00 4.9935480000E+01 0.0000000000E+00 2.9961290000E+02 1.4980645000E+02 0.0000000000E+00 0.0000000000E+00 0.0000000000E+00 0.0000000000E+00 0.0000000000E+00 0.0000000000E+00 0.0000000000E+00 0.0000000000E+00 0.0000000000E+00 0.0000000000E+00 0.0000000000E+00 0.0000000000E+00
    11 2004 5.7900000000E+05 0.0000000000E+00 2.8950000000E+01 0.0000000000E+00 1.7370000000E+02 8.6850000000E+01 0.0000000000E+00 0.0000000000E+00 0.0000000000E+00 0.0000000000E+00 0.0000000000E+00 0.0000000000E+00 0.0000000000E+00 0.0000000000E+00 0.0000000000E+00 0.0000000000E+00 0.0000000000E+00 0.0000000000E+00
    12 2004 5.2032258065E+05 0.0000000000E+00 2.6016130000E+01 0.0000000000E+00 1.5609677000E+02 7.8048390000E+01 0.0000000000E+00 0.0000000000E+00 0.0000000000E+00 0.0000000000E+00 0.0000000000E+00 0.0000000000E+00 0.0000000000E+00 0.0000000000E+00 0.0000000000E+00 0.0000000000E+00 0.0000000000E+00 0.0000000000E+00
     1 2005 2.3225806452E+05 0.0000000000E+00 1.1612900000E+01 0.0000000000E+00 6.9677420000E+01 3.4838710000E+01 0.0000000000E+00 0.0000000000E+00 0.0000000000E+00 0.0000000000E+00 0.0000000000E+00 0.0000000000E+00 0.0000000000E+00 0.0000000000E+00 0.0000000000E+00 0.0000000000E+00 0.0000000000E+00 0.0000000000E+00
     2 2005 1.6500000000E+05 0.0000000000E+00 8.2500000000E+00 0.0000000000E+00 4.9500000000E+01 2.4750000000E+01 0.0000000000E+00 0.0000000000E+00 0.0000000000E+00 0.0000000000E+00 0.0000000000E+00 0.0000000000E+00 0.0000000000E+00 0.0000000000E+00 0.0000000000E+00 0.0000000000E+00 0.0000000000E+00 0.0000000000E+00
     3 2005 4.6032258065E+05 0.0000000000E+00 2.3016130000E+01 0.0000000000E+00 1.3809677000E+02 6.9048390000E+01 0.0000000000E+00 0.0000000000E+00 0.0000000000E+00 0.0000000000E+00 0.0000000000E+00 0.0000000000E+00 0.0000000000E+00 0.0000000000E+00 0.0000000000E+00 0.0000000000E+00 0.0000000000E+00 0.0000000000E+00
     4 2005 2.6700000000E+05 0.0000000000E+00 1.3350000000E+01 0.0000000000E+00 8.0100000000E+01 4.0050000000E+01 0.0000000000E+00 0.0000000000E+00 0.0000000000E+00 0.0000000000E+00 0.0000000000E+00 0.0000000000E+00 0.0000000000E+00 0.0000000000E+00 0.0000000000E+00 0.0000000000E+00 0.0000000000E+00 0.0000000000E+00
     5 2005 1.3358064516E+06 0.0000000000E+00 6.6790320000E+01 0.0000000000E+00 4.0074194000E+02 2.0037097000E+02 0.0000000000E+00 0.0000000000E+00 0.0000000000E+00 0.0000000000E+00 0.0000000000E+00 0.0000000000E+00 0.0000000000E+00 0.0000000000E+00 0.0000000000E+00 0.0000000000E+00 0.0000000000E+00 0.0000000000E+00
     6 2005 2.1473333333E+06 0.0000000000E+00 1.0736667000E+02 0.0000000000E+00 6.4420000000E+02 3.2210000000E+02 0.0000000000E+00 0.0000000000E+00 0.0000000000E+00 0.0000000000E+00 0.0000000000E+00 0.0000000000E+00 0.0000000000E+00 0.0000000000E+00 0.0000000000E+00 0.0000000000E+00 0.0000000000E+00 0.0000000000E+00
     7 2005 1.9345161290E+06 0.0000000000E+00 9.6725810000E+01 0.0000000000E+00 5.8035484000E+02 2.9017742000E+02 0.0000000000E+00 0.0000000000E+00 0.0000000000E+00 0.0000000000E+00 0.0000000000E+00 0.0000000000E+00 0.0000000000E+00 0.0000000000E+00 0.0000000000E+00 0.0000000000E+00 0.0000000000E+00 0.0000000000E+00
     8 2005 1.4635483871E+06 0.0000000000E+00 7.3177420000E+01 0.0000000000E+00 4.3906452000E+02 2.1953226000E+02 0.0000000000E+00 0.0000000000E+00 0.0000000000E+00 0.0000000000E+00 0.0000000000E+00 0.0000000000E+00 0.0000000000E+00 0.0000000000E+00 0.0000000000E+00 0.0000000000E+00 0.0000000000E+00 0.0000000000E+00
     9 2005 2.2540000000E+06 0.0000000000E+00 1.1270000000E+02 0.0000000000E+00 6.7620000000E+02 3.3810000000E+02 0.0000000000E+00 0.0000000000E+00 0.0000000000E+00 0.0000000000E+00 0.0000000000E+00 0.0000000000E+00 0.0000000000E+00 0.0000000000E+00 0.0000000000E+00 0.0000000000E+00 0.0000000000E+00 0.0000000000E+00
    10 2005 7.3032258065E+05 0.0000000000E+00 3.6516130000E+01 0.0000000000E+00 2.1909677000E+02 1.0954839000E+02 0.0000000000E+00 0.0000000000E+00 0.0000000000E+00 0.0000000000E+00 0.0000000000E+00 0.0000000000E+00 0.0000000000E+00 0.0000000000E+00 0.0000000000E+00 0.0000000000E+00 0.0000000000E+00 0.0000000000E+00
    11 2005 6.9833333333E+05 0.0000000000E+00 3.4916670000E+01 0.0000000000E+00 2.0950000000E+02 1.0475000000E+02 0.0000000000E+00 0.0000000000E+00 0.0000000000E+00 0.0000000000E+00 0.0000000000E+00 0.0000000000E+00 0.0000000000E+00 0.0000000000E+00 0.0000000000E+00 0.0000000000E+00 0.0000000000E+00 0.0000000000E+00
    12 2005 4.2612903226E+05 0.0000000000E+00 2.1306450000E+01 0.0000000000E+00 1.2783871000E+02 6.3919350000E+01 0.0000000000E+00 0.0000000000E+00 0.0000000000E+00 0.0000000000E+00 0.0000000000E+00 0.0000000000E+00 0.0000000000E+00 0.0000000000E+00 0.0000000000E+00 0.0000000000E+00 0.0000000000E+00 0.0000000000E+00
     1 2006 4.5612903226E+05 0.0000000000E+00 2.2806450000E+01 0.0000000000E+00 1.3683871000E+02 6.8419350000E+01 0.0000000000E+00 0.0000000000E+00 0.0000000000E+00 0.0000000000E+00 0.0000000000E+00 0.0000000000E+00 0.0000000000E+00 0.0000000000E+00 0.0000000000E+00 0.0000000000E+00 0.0000000000E+00 0.0000000000E+00
     2 2006 6.2321428571E+05 0.0000000000E+00 3.1160710000E+01 0.0000000000E+00 1.8696429000E+02 9.3482140000E+01 0.0000000000E+00 0.0000000000E+00 0.0000000000E+00 0.0000000000E+00 0.0000000000E+00 0.0000000000E+00 0.0000000000E+00 0.0000000000E+00 0.0000000000E+00 0.0000000000E+00 0.0000000000E+00 0.0000000000E+00
     3 2006 5.8064516129E+05 0.0000000000E+00 2.9032260000E+01 0.0000000000E+00 1.7419355000E+02 8.7096770000E+01 0.0000000000E+00 0.0000000000E+00 0.0000000000E+00 0.0000000000E+00 0.0000000000E+00 0.0000000000E+00 0.0000000000E+00 0.0000000000E+00 0.0000000000E+00 0.0000000000E+00 0.0000000000E+00 0.0000000000E+00
     4 2006 1.0390000000E+06 0.0000000000E+00 5.1950000000E+01 0.0000000000E+00 3.1170000000E+02 1.5585000000E+02 0.0000000000E+00 0.0000000000E+00 0.0000000000E+00 0.0000000000E+00 0.0000000000E+00 0.0000000000E+00 0.0000000000E+00 0.0000000000E+00 0.0000000000E+00 0.0000000000E+00 0.0000000000E+00 0.0000000000E+00
     5 2006 1.8522580645E+06 0.0000000000E+00 9.2612900000E+01 0.0000000000E+00 5.5567742000E+02 2.7783871000E+02 0.0000000000E+00 0.0000000000E+00 0.0000000000E+00 0.0000000000E+00 0.0000000000E+00 0.0000000000E+00 0.0000000000E+00 0.0000000000E+00 0.0000000000E+00 0.0000000000E+00 0.0000000000E+00 0.0000000000E+00
     6 2006 2.4963333333E+06 0.0000000000E+00 1.2481667000E+02 0.0000000000E+00 7.4890000000E+02 3.7445000000E+02 0.0000000000E+00 0.0000000000E+00 0.0000000000E+00 0.0000000000E+00 0.0000000000E+00 0.0000000000E+00 0.0000000000E+00 0.0000000000E+00 0.0000000000E+00 0.0000000000E+00 0.0000000000E+00 0.0000000000E+00
     7 2006 2.4516129032E+06 0.0000000000E+00 1.2258065000E+02 0.0000000000E+00 7.3548387000E+02 3.6774194000E+02 0.0000000000E+00 0.0000000000E+00 0.0000000000E+00 0.0000000000E+00 0.0000000000E+00 0.0000000000E+00 0.0000000000E+00 0.0000000000E+00 0.0000000000E+00 0.0000000000E+00 0.0000000000E+00 0.0000000000E+00
     8 2006 2.5832258065E+06 0.0000000000E+00 1.2916129000E+02 0.0000000000E+00 7.7496774000E+02 3.8748387000E+02 0.0000000000E+00 0.0000000000E+00 0.0000000000E+00 0.0000000000E+00 0.0000000000E+00 0.0000000000E+00 0.0000000000E+00 0.0000000000E+00 0.0000000000E+00 0.0000000000E+00 0.0000000000E+00 0.0000000000E+00
     9 2006 1.8053333333E+06 0.0000000000E+00 9.0266670000E+01 0.0000000000E+00 5.4160000000E+02 2.7080000000E+02 0.0000000000E+00 0.0000000000E+00 0.0000000000E+00 0.0000000000E+00 0.0000000000E+00 0.0000000000E+00 0.0000000000E+00 0.0000000000E+00 0.0000000000E+00 0.0000000000E+00 0.0000000000E+00 0.0000000000E+00
    10 2006 7.1612903226E+05 0.0000000000E+00 3.5806450000E+01 0.0000000000E+00 2.1483871000E+02 1.0741935000E+02 0.0000000000E+00 0.0000000000E+00 0.0000000000E+00 0.0000000000E+00 0.0000000000E+00 0.0000000000E+00 0.0000000000E+00 0.0000000000E+00 0.0000000000E+00 0.0000000000E+00 0.0000000000E+00 0.0000000000E+00
    11 2006 3.7400000000E+05 0.0000000000E+00 1.8700000000E+01 0.0000000000E+00 1.1220000000E+02 5.6100000000E+01 0.0000000000E+00 0.0000000000E+00 0.0000000000E+00 0.0000000000E+00 0.0000000000E+00 0.0000000000E+00 0.0000000000E+00 0.0000000000E+00 0.0000000000E+00 0.0000000000E+00 0.0000000000E+00 0.0000000000E+00
    12 2006 4.0290322581E+05 0.0000000000E+00 2.0145160000E+01 0.0000000000E+00 1.2087097000E+02 6.0435480000E+01 0.0000000000E+00 0.0000000000E+00 0.0000000000E+00 0.0000000000E+00 0.0000000000E+00 0.0000000000E+00 0.0000000000E+00 0.0000000000E+00 0.0000000000E+00 0.0000000000E+00 0.0000000000E+00 0.0000000000E+00
     1 2007 5.4129032258E+05 0.0000000000E+00 2.7064520000E+01 0.0000000000E+00 1.6238710000E+02 8.1193550000E+01 0.0000000000E+00 0.0000000000E+00 0.0000000000E+00 0.0000000000E+00 0.0000000000E+00 0.0000000000E+00 0.0000000000E+00 0.0000000000E+00 0.0000000000E+00 0.0000000000E+00 0.0000000000E+00 0.0000000000E+00
     2 2007 4.0214285714E+05 0.0000000000E+00 2.0107140000E+01 0.0000000000E+00 1.2064286000E+02 6.0321430000E+01 0.0000000000E+00 0.0000000000E+00 0.0000000000E+00 0.0000000000E+00 0.0000000000E+00 0.0000000000E+00 0.0000000000E+00 0.0000000000E+00 0.0000000000E+00 0.0000000000E+00 0.0000000000E+00 0.0000000000E+00
     3 2007 3.5645161290E+05 0.0000000000E+00 1.7822580000E+01 0.0000000000E+00 1.0693548000E+02 5.3467740000E+01 0.0000000000E+00 0.0000000000E+00 0.0000000000E+00 0.0000000000E+00 0.0000000000E+00 0.0000000000E+00 0.0000000000E+00 0.0000000000E+00 0.0000000000E+00 0.0000000000E+00 0.0000000000E+00 0.0000000000E+00
     4 2007 1.3130000000E+06 0.0000000000E+00 6.5650000000E+01 0.0000000000E+00 3.9390000000E+02 1.9695000000E+02 0.0000000000E+00 0.0000000000E+00 0.0000000000E+00 0.0000000000E+00 0.0000000000E+00 0.0000000000E+00 0.0000000000E+00 0.0000000000E+00 0.0000000000E+00 0.0000000000E+00 0.0000000000E+00 0.0000000000E+00
     5 2007 8.7000000000E+05 0.0000000000E+00 4.3500000000E+01 0.0000000000E+00 2.6100000000E+02 1.3050000000E+02 0.0000000000E+00 0.0000000000E+00 0.0000000000E+00 0.0000000000E+00 0.0000000000E+00 0.0000000000E+00 0.0000000000E+00 0.0000000000E+00 0.0000000000E+00 0.0000000000E+00 0.0000000000E+00 0.0000000000E+00
     6 2007 2.1996666667E+06 0.0000000000E+00 1.0998333000E+02 0.0000000000E+00 6.5990000000E+02 3.2995000000E+02 0.0000000000E+00 0.0000000000E+00 0.0000000000E+00 0.0000000000E+00 0.0000000000E+00 0.0000000000E+00 0.0000000000E+00 0.0000000000E+00 0.0000000000E+00 0.0000000000E+00 0.0000000000E+00 0.0000000000E+00
     7 2007 1.8274193548E+06 0.0000000000E+00 9.1370970000E+01 0.0000000000E+00 5.4822581000E+02 2.7411290000E+02 0.0000000000E+00 0.0000000000E+00 0.0000000000E+00 0.0000000000E+00 0.0000000000E+00 0.0000000000E+00 0.0000000000E+00 0.0000000000E+00 0.0000000000E+00 0.0000000000E+00 0.0000000000E+00 0.0000000000E+00
     8 2007 1.6116129032E+06 0.0000000000E+00 8.0580650000E+01 0.0000000000E+00 4.8348387000E+02 2.4174194000E+02 0.0000000000E+00 0.0000000000E+00 0.0000000000E+00 0.0000000000E+00 0.0000000000E+00 0.0000000000E+00 0.0000000000E+00 0.0000000000E+00 0.0000000000E+00 0.0000000000E+00 0.0000000000E+00 0.0000000000E+00
     9 2007 2.7970000000E+06 0.0000000000E+00 1.3985000000E+02 0.0000000000E+00 8.3910000000E+02 4.1955000000E+02 0.0000000000E+00 0.0000000000E+00 0.0000000000E+00 0.0000000000E+00 0.0000000000E+00 0.0000000000E+00 0.0000000000E+00 0.0000000000E+00 0.0000000000E+00 0.0000000000E+00 0.0000000000E+00 0.0000000000E+00
    10 2007 7.2516129032E+05 0.0000000000E+00 3.6258060000E+01 0.0000000000E+00 2.1754839000E+02 1.0877419000E+02 0.0000000000E+00 0.0000000000E+00 0.0000000000E+00 0.0000000000E+00 0.0000000000E+00 0.0000000000E+00 0.0000000000E+00 0.0000000000E+00 0.0000000000E+00 0.0000000000E+00 0.0000000000E+00 0.0000000000E+00
    11 2007 4.2100000000E+05 0.0000000000E+00 2.1050000000E+01 0.0000000000E+00 1.2630000000E+02 6.3150000000E+01 0.0000000000E+00 0.0000000000E+00 0.0000000000E+00 0.0000000000E+00 0.0000000000E+00 0.0000000000E+00 0.0000000000E+00 0.0000000000E+00 0.0000000000E+00 0.0000000000E+00 0.0000000000E+00 0.0000000000E+00
    12 2007 3.2548387097E+05 0.0000000000E+00 1.6274190000E+01 0.0000000000E+00 9.7645160000E+01 4.8822580000E+01 0.0000000000E+00 0.0000000000E+00 0.0000000000E+00 0.0000000000E+00 0.0000000000E+00 0.0000000000E+00 0.0000000000E+00 0.0000000000E+00 0.0000000000E+00 0.0000000000E+00 0.0000000000E+00 0.0000000000E+00
     1 2008 3.6483870968E+05 0.0000000000E+00 1.8241940000E+01 0.0000000000E+00 1.0945161000E+02 5.4725810000E+01 0.0000000000E+00 0.0000000000E+00 0.0000000000E+00 0.0000000000E+00 0.0000000000E+00 0.0000000000E+00 0.0000000000E+00 0.0000000000E+00 0.0000000000E+00 0.0000000000E+00 0.0000000000E+00 0.0000000000E+00
     2 2008 3.5034482759E+05 0.0000000000E+00 1.7517240000E+01 0.0000000000E+00 1.0510345000E+02 5.2551720000E+01 0.0000000000E+00 0.0000000000E+00 0.0000000000E+00 0.0000000000E+00 0.0000000000E+00 0.0000000000E+00 0.0000000000E+00 0.0000000000E+00 0.0000000000E+00 0.0000000000E+00 0.0000000000E+00 0.0000000000E+00
     3 2008 4.1290322581E+05 0.0000000000E+00 2.0645160000E+01 0.0000000000E+00 1.2387097000E+02 6.1935480000E+01 0.0000000000E+00 0.0000000000E+00 0.0000000000E+00 0.0000000000E+00 0.0000000000E+00 0.0000000000E+00 0.0000000000E+00 0.0000000000E+00 0.0000000000E+00 0.0000000000E+00 0.0000000000E+00 0.0000000000E+00
     4 2008 5.7466666667E+05 0.0000000000E+00 2.8733330000E+01 0.0000000000E+00 1.7240000000E+02 8.6200000000E+01 0.0000000000E+00 0.0000000000E+00 0.0000000000E+00 0.0000000000E+00 0.0000000000E+00 0.0000000000E+00 0.0000000000E+00 0.0000000000E+00 0.0000000000E+00 0.0000000000E+00 0.0000000000E+00 0.0000000000E+00
     5 2008 7.9322580645E+05 0.0000000000E+00 3.9661290000E+01 0.0000000000E+00 2.3796774000E+02 1.1898387000E+02 0.0000000000E+00 0.0000000000E+00 0.0000000000E+00 0.0000000000E+00 0.0000000000E+00 0.0000000000E+00 0.0000000000E+00 0.0000000000E+00 0.0000000000E+00 0.0000000000E+00 0.0000000000E+00 0.0000000000E+00
     6 2008 1.9566666667E+06 0.0000000000E+00 9.7833330000E+01 0.0000000000E+00 5.8700000000E+02 2.9350000000E+02 0.0000000000E+00 0.0000000000E+00 0.0000000000E+00 0.0000000000E+00 0.0000000000E+00 0.0000000000E+00 0.0000000000E+00 0.0000000000E+00 0.0000000000E+00 0.0000000000E+00 0.0000000000E+00 0.0000000000E+00
     7 2008 1.7783870968E+06 0.0000000000E+00 8.8919350000E+01 0.0000000000E+00 5.3351613000E+02 2.6675806000E+02 0.0000000000E+00 0.0000000000E+00 0.0000000000E+00 0.0000000000E+00 0.0000000000E+00 0.0000000000E+00 0.0000000000E+00 0.0000000000E+00 0.0000000000E+00 0.0000000000E+00 0.0000000000E+00 0.0000000000E+00
     8 2008 1.7896774194E+06 0.0000000000E+00 8.9483870000E+01 0.0000000000E+00 5.3690323000E+02 2.6845161000E+02 0.0000000000E+00 0.0000000000E+00 0.0000000000E+00 0.0000000000E+00 0.0000000000E+00 0.0000000000E+00 0.0000000000E+00 0.0000000000E+00 0.0000000000E+00 0.0000000000E+00 0.0000000000E+00 0.0000000000E+00
     9 2008 9.6500000000E+05 0.0000000000E+00 4.8250000000E+01 0.0000000000E+00 2.8950000000E+02 1.4475000000E+02 0.0000000000E+00 0.0000000000E+00 0.0000000000E+00 0.0000000000E+00 0.0000000000E+00 0.0000000000E+00 0.0000000000E+00 0.0000000000E+00 0.0000000000E+00 0.0000000000E+00 0.0000000000E+00 0.0000000000E+00
    10 2008 9.3000000000E+05 0.0000000000E+00 4.6500000000E+01 0.0000000000E+00 2.7900000000E+02 1.3950000000E+02 0.0000000000E+00 0.0000000000E+00 0.0000000000E+00 0.0000000000E+00 0.0000000000E+00 0.0000000000E+00 0.0000000000E+00 0.0000000000E+00 0.0000000000E+00 0.0000000000E+00 0.0000000000E+00 0.0000000000E+00
    11 2008 7.9733333333E+05 0.0000000000E+00 3.9866670000E+01 0.0000000000E+00 2.3920000000E+02 1.1960000000E+02 0.0000000000E+00 0.0000000000E+00 0.0000000000E+00 0.0000000000E+00 0.0000000000E+00 0.0000000000E+00 0.0000000000E+00 0.0000000000E+00 0.0000000000E+00 0.0000000000E+00 0.0000000000E+00 0.0000000000E+00
    12 2008 5.4387096774E+05 0.0000000000E+00 2.7193550000E+01 0.0000000000E+00 1.6316129000E+02 8.1580650000E+01 0.0000000000E+00 0.0000000000E+00 0.0000000000E+00 0.0000000000E+00 0.0000000000E+00 0.0000000000E+00 0.0000000000E+00 0.0000000000E+00 0.0000000000E+00 0.0000000000E+00 0.0000000000E+00 0.0000000000E+00
     1 2009 2.4580645161E+05 0.0000000000E+00 1.2290320000E+01 0.0000000000E+00 7.3741940000E+01 3.6870970000E+01 0.0000000000E+00 0.0000000000E+00 0.0000000000E+00 0.0000000000E+00 0.0000000000E+00 0.0000000000E+00 0.0000000000E+00 0.0000000000E+00 0.0000000000E+00 0.0000000000E+00 0.0000000000E+00 0.0000000000E+00
     2 2009 1.8428571429E+05 0.0000000000E+00 9.2142900000E+00 0.0000000000E+00 5.5285710000E+01 2.7642860000E+01 0.0000000000E+00 0.0000000000E+00 0.0000000000E+00 0.0000000000E+00 0.0000000000E+00 0.0000000000E+00 0.0000000000E+00 0.0000000000E+00 0.0000000000E+00 0.0000000000E+00 0.0000000000E+00 0.0000000000E+00
     3 2009 1.5387096774E+05 0.0000000000E+00 7.6935500000E+00 0.0000000000E+00 4.6161290000E+01 2.3080650000E+01 0.0000000000E+00 0.0000000000E+00 0.0000000000E+00 0.0000000000E+00 0.0000000000E+00 0.0000000000E+00 0.0000000000E+00 0.0000000000E+00 0.0000000000E+00 0.0000000000E+00 0.0000000000E+00 0.0000000000E+00
     4 2009 3.4666666667E+05 0.0000000000E+00 1.7333330000E+01 0.0000000000E+00 1.0400000000E+02 5.2000000000E+01 0.0000000000E+00 0.0000000000E+00 0.0000000000E+00 0.0000000000E+00 0.0000000000E+00 0.0000000000E+00 0.0000000000E+00 0.0000000000E+00 0.0000000000E+00 0.0000000000E+00 0.0000000000E+00 0.0000000000E+00
     5 2009 4.8967741935E+05 0.0000000000E+00 2.4483870000E+01 0.0000000000E+00 1.4690323000E+02 7.3451610000E+01 0.0000000000E+00 0.0000000000E+00 0.0000000000E+00 0.0000000000E+00 0.0000000000E+00 0.0000000000E+00 0.0000000000E+00 0.0000000000E+00 0.0000000000E+00 0.0000000000E+00 0.0000000000E+00 0.0000000000E+00
     6 2009 8.2033333333E+05 0.0000000000E+00 4.1016670000E+01 0.0000000000E+00 2.4610000000E+02 1.2305000000E+02 0.0000000000E+00 0.0000000000E+00 0.0000000000E+00 0.0000000000E+00 0.0000000000E+00 0.0000000000E+00 0.0000000000E+00 0.0000000000E+00 0.0000000000E+00 0.0000000000E+00 0.0000000000E+00 0.0000000000E+00
     7 2009 2.0006451613E+06 0.0000000000E+00 1.0003226000E+02 0.0000000000E+00 6.0019355000E+02 3.0009677000E+02 0.0000000000E+00 0.0000000000E+00 0.0000000000E+00 0.0000000000E+00 0.0000000000E+00 0.0000000000E+00 0.0000000000E+00 0.0000000000E+00 0.0000000000E+00 0.0000000000E+00 0.0000000000E+00 0.0000000000E+00
     8 2009 1.3664516129E+06 0.0000000000E+00 6.8322580000E+01 0.0000000000E+00 4.0993548000E+02 2.0496774000E+02 0.0000000000E+00 0.0000000000E+00 0.0000000000E+00 0.0000000000E+00 0.0000000000E+00 0.0000000000E+00 0.0000000000E+00 0.0000000000E+00 0.0000000000E+00 0.0000000000E+00 0.0000000000E+00 0.0000000000E+00
     9 2009 7.9033333333E+05 0.0000000000E+00 3.9516670000E+01 0.0000000000E+00 2.3710000000E+02 1.1855000000E+02 0.0000000000E+00 0.0000000000E+00 0.0000000000E+00 0.0000000000E+00 0.0000000000E+00 0.0000000000E+00 0.0000000000E+00 0.0000000000E+00 0.0000000000E+00 0.0000000000E+00 0.0000000000E+00 0.0000000000E+00
    10 2009 5.0548387097E+05 0.0000000000E+00 2.5274190000E+01 0.0000000000E+00 1.5164516000E+02 7.5822580000E+01 0.0000000000E+00 0.0000000000E+00 0.0000000000E+00 0.0000000000E+00 0.0000000000E+00 0.0000000000E+00 0.0000000000E+00 0.0000000000E+00 0.0000000000E+00 0.0000000000E+00 0.0000000000E+00 0.0000000000E+00
    11 2009 6.1700000000E+05 0.0000000000E+00 3.0850000000E+01 0.0000000000E+00 1.8510000000E+02 9.2550000000E+01 0.0000000000E+00 0.0000000000E+00 0.0000000000E+00 0.0000000000E+00 0.0000000000E+00 0.0000000000E+00 0.0000000000E+00 0.0000000000E+00 0.0000000000E+00 0.0000000000E+00 0.0000000000E+00 0.0000000000E+00
    12 2009 2.8548387097E+05 0.0000000000E+00 1.4274190000E+01 0.0000000000E+00 8.5645160000E+01 4.2822580000E+01 0.0000000000E+00 0.0000000000E+00 0.0000000000E+00 0.0000000000E+00 0.0000000000E+00 0.0000000000E+00 0.0000000000E+00 0.0000000000E+00 0.0000000000E+00 0.0000000000E+00 0.0000000000E+00 0.0000000000E+00
     1 2010 3.3225806452E+05 0.0000000000E+00 1.6612900000E+01 0.0000000000E+00 9.9677420000E+01 4.9838710000E+01 0.0000000000E+00 0.0000000000E+00 0.0000000000E+00 0.0000000000E+00 0.0000000000E+00 0.0000000000E+00 0.0000000000E+00 0.0000000000E+00 0.0000000000E+00 0.0000000000E+00 0.0000000000E+00 0.0000000000E+00
     2 2010 3.3642857143E+05 0.0000000000E+00 1.6821430000E+01 0.0000000000E+00 1.0092857000E+02 5.0464290000E+01 0.0000000000E+00 0.0000000000E+00 0.0000000000E+00 0.0000000000E+00 0.0000000000E+00 0.0000000000E+00 0.0000000000E+00 0.0000000000E+00 0.0000000000E+00 0.0000000000E+00 0.0000000000E+00 0.0000000000E+00
     3 2010 9.9258064516E+05 0.0000000000E+00 4.9629030000E+01 0.0000000000E+00 2.9777419000E+02 1.4888710000E+02 0.0000000000E+00 0.0000000000E+00 0.0000000000E+00 0.0000000000E+00 0.0000000000E+00 0.0000000000E+00 0.0000000000E+00 0.0000000000E+00 0.0000000000E+00 0.0000000000E+00 0.0000000000E+00 0.0000000000E+00
     4 2010 1.8080000000E+06 0.0000000000E+00 9.0400000000E+01 0.0000000000E+00 5.4240000000E+02 2.7120000000E+02 0.0000000000E+00 0.0000000000E+00 0.0000000000E+00 0.0000000000E+00 0.0000000000E+00 0.0000000000E+00 0.0000000000E+00 0.0000000000E+00 0.0000000000E+00 0.0000000000E+00 0.0000000000E+00 0.0000000000E+00
     5 2010 1.3409677419E+06 0.0000000000E+00 6.7048390000E+01 0.0000000000E+00 4.0229032000E+02 2.0114516000E+02 0.0000000000E+00 0.0000000000E+00 0.0000000000E+00 0.0000000000E+00 0.0000000000E+00 0.0000000000E+00 0.0000000000E+00 0.0000000000E+00 0.0000000000E+00 0.0000000000E+00 0.0000000000E+00 0.0000000000E+00
     6 2010 1.8866666667E+06 0.0000000000E+00 9.4333330000E+01 0.0000000000E+00 5.6600000000E+02 2.8300000000E+02 0.0000000000E+00 0.0000000000E+00 0.0000000000E+00 0.0000000000E+00 0.0000000000E+00 0.0000000000E+00 0.0000000000E+00 0.0000000000E+00 0.0000000000E+00 0.0000000000E+00 0.0000000000E+00 0.0000000000E+00
     7 2010 2.4416129032E+06 0.0000000000E+00 1.2208065000E+02 0.0000000000E+00 7.3248387000E+02 3.6624194000E+02 0.0000000000E+00 0.0000000000E+00 0.0000000000E+00 0.0000000000E+00 0.0000000000E+00 0.0000000000E+00 0.0000000000E+00 0.0000000000E+00 0.0000000000E+00 0.0000000000E+00 0.0000000000E+00 0.0000000000E+00
     8 2010 1.9419354839E+06 0.0000000000E+00 9.7096770000E+01 0.0000000000E+00 5.8258065000E+02 2.9129032000E+02 0.0000000000E+00 0.0000000000E+00 0.0000000000E+00 0.0000000000E+00 0.0000000000E+00 0.0000000000E+00 0.0000000000E+00 0.0000000000E+00 0.0000000000E+00 0.0000000000E+00 0.0000000000E+00 0.0000000000E+00
     9 2010 2.0083333333E+06 0.0000000000E+00 1.0041667000E+02 0.0000000000E+00 6.0250000000E+02 3.0125000000E+02 0.0000000000E+00 0.0000000000E+00 0.0000000000E+00 0.0000000000E+00 0.0000000000E+00 0.0000000000E+00 0.0000000000E+00 0.0000000000E+00 0.0000000000E+00 0.0000000000E+00 0.0000000000E+00 0.0000000000E+00
    10 2010 2.0793548387E+06 0.0000000000E+00 1.0396774000E+02 0.0000000000E+00 6.2380645000E+02 3.1190323000E+02 0.0000000000E+00 0.0000000000E+00 0.0000000000E+00 0.0000000000E+00 0.0000000000E+00 0.0000000000E+00 0.0000000000E+00 0.0000000000E+00 0.0000000000E+00 0.0000000000E+00 0.0000000000E+00 0.0000000000E+00
    11 2010 7.4100000000E+05 0.0000000000E+00 3.7050000000E+01 0.0000000000E+00 2.2230000000E+02 1.1115000000E+02 0.0000000000E+00 0.0000000000E+00 0.0000000000E+00 0.0000000000E+00 0.0000000000E+00 0.0000000000E+00 0.0000000000E+00 0.0000000000E+00 0.0000000000E+00 0.0000000000E+00 0.0000000000E+00 0.0000000000E+00
    12 2010 6.1129032258E+05 0.0000000000E+00 3.0564520000E+01 0.0000000000E+00 1.8338710000E+02 9.1693550000E+01 0.0000000000E+00 0.0000000000E+00 0.0000000000E+00 0.0000000000E+00 0.0000000000E+00 0.0000000000E+00 0.0000000000E+00 0.0000000000E+00 0.0000000000E+00 0.0000000000E+00 0.0000000000E+00 0.0000000000E+00
