General Input/Output section (file.cio):                                        
2013/12/18 0:00:00 ARCGIS-SWAT interface AV                                     
                                                                                


 Year  Day  Hr FLOWm^3/s    SEDmg/L   ORGNmg/L   ORGPmg/L    NO3mg/L    NH3mg/L    NO2mg/L   MINPmg/L   CBODmg/L  DISOXmg/L   CHLAug/L SOLPSTmg/L SORPSTmg/L  BACTPct/L BACTLPct/LCMETAL1mg/LCMETAL2mg/LCMETAL3mg/L   TEMPdegC
 2009    1   00  0.556E+01  0.894E+01  0.850E-02  0.266E-02  0.944E+00  0.181E-01  0.575E-02  0.117E-01  0.000E+00  0.576E+01  0.000E+00  0.000E+00  0.000E+00  0.000E+00  0.000E+00  0.000E+00  0.000E+00  0.000E+00  0.130E+02
 2009    2   00  0.529E+01  0.920E+01  0.953E-02  0.313E-02  0.982E+00  0.195E-01  0.600E-02  0.128E-01  0.000E+00  0.123E+02  0.000E+00  0.000E+00  0.000E+00  0.000E+00  0.000E+00  0.000E+00  0.000E+00  0.000E+00  0.117E+02
 2009    3   00  0.534E+01  0.886E+01  0.941E-02  0.314E-02  0.906E+00  0.200E-01  0.604E-02  0.132E-01  0.000E+00  0.144E+02  0.000E+00  0.000E+00  0.000E+00  0.000E+00  0.000E+00  0.000E+00  0.000E+00  0.000E+00  0.131E+02
 2009    4   00  0.523E+01  0.898E+01  0.957E-02  0.313E-02  0.922E+00  0.216E-01  0.710E-02  0.146E-01  0.000E+00  0.755E+01  0.000E+00  0.000E+00  0.000E+00  0.000E+00  0.000E+00  0.000E+00  0.000E+00  0.000E+00  0.157E+02
 2009    5   00  0.520E+01  0.884E+01  0.950E-02  0.306E-02  0.797E+00  0.217E-01  0.769E-02  0.153E-01  0.000E+00  0.300E-02  0.000E+00  0.000E+00  0.000E+00  0.000E+00  0.000E+00  0.000E+00  0.000E+00  0.000E+00  0.168E+02
 2009    6   00  0.495E+01  0.898E+01  0.102E-01  0.332E-02  0.714E+00  0.233E-01  0.796E-02  0.163E-01  0.000E+00  0.535E+01  0.000E+00  0.000E+00  0.000E+00  0.000E+00  0.000E+00  0.000E+00  0.000E+00  0.000E+00  0.165E+02
 2009    7   00  0.500E+01  0.879E+01  0.103E-01  0.333E-02  0.673E+00  0.215E-01  0.815E-02  0.167E-01  0.000E+00  0.256E+01  0.000E+00  0.000E+00  0.000E+00  0.000E+00  0.000E+00  0.000E+00  0.000E+00  0.000E+00  0.160E+02
 2009    8   00  0.490E+01  0.881E+01  0.107E-01  0.344E-02  0.666E+00  0.238E-01  0.864E-02  0.177E-01  0.000E+00  0.348E+01  0.000E+00  0.000E+00  0.000E+00  0.000E+00  0.000E+00  0.000E+00  0.000E+00  0.000E+00  0.167E+02
 2009    9   00  0.492E+01  0.864E+01  0.115E-01  0.383E-02  0.625E+00  0.240E-01  0.805E-02  0.178E-01  0.000E+00  0.584E+01  0.000E+00  0.000E+00  0.000E+00  0.000E+00  0.000E+00  0.000E+00  0.000E+00  0.000E+00  0.143E+02
 2009   10   00  0.487E+01  0.868E+01  0.129E-01  0.452E-02  0.618E+00  0.277E-01  0.733E-02  0.186E-01  0.000E+00  0.137E+02  0.000E+00  0.000E+00  0.000E+00  0.000E+00  0.000E+00  0.000E+00  0.000E+00  0.000E+00  0.120E+02
 2009   11   00  0.490E+01  0.855E+01  0.139E-01  0.504E-02  0.600E+00  0.237E-01  0.767E-02  0.191E-01  0.000E+00  0.117E+02  0.000E+00  0.000E+00  0.000E+00  0.000E+00  0.000E+00  0.000E+00  0.000E+00  0.000E+00  0.110E+02
 2009   12   00  0.475E+01  0.845E+01  0.147E-01  0.531E-02  0.588E+00  0.237E-01  0.807E-02  0.203E-01  0.000E+00  0.625E+01  0.000E+00  0.000E+00  0.000E+00  0.000E+00  0.000E+00  0.000E+00  0.000E+00  0.000E+00  0.122E+02
 2009   13   00  0.483E+01  0.834E+01  0.156E-01  0.570E-02  0.569E+00  0.264E-01  0.806E-02  0.210E-01  0.000E+00  0.151E+02  0.000E+00  0.000E+00  0.000E+00  0.000E+00  0.000E+00  0.000E+00  0.000E+00  0.000E+00  0.116E+02
 2009   14   00  0.470E+01  0.830E+01  0.167E-01  0.615E-02  0.548E+00  0.314E-01  0.770E-02  0.222E-01  0.000E+00  0.105E+02  0.000E+00  0.000E+00  0.000E+00  0.000E+00  0.000E+00  0.000E+00  0.000E+00  0.000E+00  0.116E+02
 2009   15   00  0.480E+01  0.822E+01  0.175E-01  0.646E-02  0.535E+00  0.313E-01  0.847E-02  0.231E-01  0.000E+00  0.150E+02  0.000E+00  0.000E+00  0.000E+00  0.000E+00  0.000E+00  0.000E+00  0.000E+00  0.000E+00  0.115E+02
 2009   16   00  0.468E+01  0.816E+01  0.178E-01  0.636E-02  0.530E+00  0.310E-01  0.974E-02  0.246E-01  0.000E+00  0.147E+02  0.000E+00  0.000E+00  0.000E+00  0.000E+00  0.000E+00  0.000E+00  0.000E+00  0.000E+00  0.133E+02
 2009   17   00  0.467E+01  0.803E+01  0.173E-01  0.593E-02  0.514E+00  0.287E-01  0.111E-01  0.257E-01  0.000E+00  0.140E+02  0.000E+00  0.000E+00  0.000E+00  0.000E+00  0.000E+00  0.000E+00  0.000E+00  0.000E+00  0.152E+02
 2009   18   00  0.460E+01  0.797E+01  0.167E-01  0.538E-02  0.504E+00  0.311E-01  0.124E-01  0.271E-01  0.000E+00  0.256E+01  0.000E+00  0.000E+00  0.000E+00  0.000E+00  0.000E+00  0.000E+00  0.000E+00  0.000E+00  0.176E+02
 2009   19   00  0.460E+01  0.804E+01  0.171E-01  0.541E-02  0.491E+00  0.316E-01  0.121E-01  0.274E-01  0.000E+00  0.351E+01  0.000E+00  0.000E+00  0.000E+00  0.000E+00  0.000E+00  0.000E+00  0.000E+00  0.000E+00  0.164E+02
 2009   20   00  0.455E+01  0.819E+01  0.175E-01  0.545E-02  0.481E+00  0.381E-01  0.114E-01  0.280E-01  0.000E+00  0.673E+01  0.000E+00  0.000E+00  0.000E+00  0.000E+00  0.000E+00  0.000E+00  0.000E+00  0.000E+00  0.160E+02
 2009   21   00  0.456E+01  0.809E+01  0.167E-01  0.488E-02  0.471E+00  0.416E-01  0.128E-01  0.291E-01  0.000E+00  0.152E+02  0.000E+00  0.000E+00  0.000E+00  0.000E+00  0.000E+00  0.000E+00  0.000E+00  0.000E+00  0.182E+02
 2009   22   00  0.498E+01  0.957E+01  0.270E-01  0.708E-02  0.848E+00  0.375E-01  0.152E-01  0.302E-01  0.000E+00  0.116E+02  0.000E+00  0.000E+00  0.000E+00  0.000E+00  0.000E+00  0.000E+00  0.000E+00  0.000E+00  0.175E+02
 2009   23   00  0.512E+01  0.999E+01  0.272E-01  0.723E-02  0.952E+00  0.387E-01  0.152E-01  0.315E-01  0.000E+00  0.157E+02  0.000E+00  0.000E+00  0.000E+00  0.000E+00  0.000E+00  0.000E+00  0.000E+00  0.000E+00  0.156E+02
 2009   24   00  0.460E+01  0.812E+01  0.235E-01  0.644E-02  0.859E+00  0.354E-01  0.124E-01  0.282E-01  0.000E+00  0.545E+01  0.000E+00  0.000E+00  0.000E+00  0.000E+00  0.000E+00  0.000E+00  0.000E+00  0.000E+00  0.128E+02
 2009   25   00  0.460E+01  0.822E+01  0.248E-01  0.711E-02  0.899E+00  0.413E-01  0.119E-01  0.290E-01  0.170E-05  0.267E+01  0.000E+00  0.000E+00  0.000E+00  0.000E+00  0.000E+00  0.000E+00  0.000E+00  0.000E+00  0.112E+02
 2009   26   00  0.799E+01  0.226E+02  0.841E-01  0.224E-01  0.250E+01  0.405E-01  0.121E-01  0.269E-01  0.244E-01  0.137E+02  0.163E+02  0.000E+00  0.000E+00  0.000E+00  0.000E+00  0.000E+00  0.000E+00  0.000E+00  0.120E+02
 2009   27   00  0.104E+02  0.302E+02  0.157E+00  0.345E-01  0.282E+01  0.711E-01  0.165E-01  0.261E-01  0.466E-01  0.134E+02  0.601E+02  0.000E+00  0.000E+00  0.000E+00  0.000E+00  0.000E+00  0.000E+00  0.000E+00  0.111E+02
 2009   28   00  0.868E+01  0.152E+02  0.620E-01  0.144E-01  0.184E+01  0.344E-01  0.104E-01  0.204E-01  0.900E-02  0.105E+02  0.369E+00  0.000E+00  0.000E+00  0.000E+00  0.000E+00  0.000E+00  0.000E+00  0.000E+00  0.142E+02
 2009   29   00  0.780E+01  0.976E+01  0.351E-01  0.729E-02  0.145E+01  0.244E-01  0.891E-02  0.154E-01  0.166E-02  0.599E+01  0.517E-03  0.000E+00  0.000E+00  0.000E+00  0.000E+00  0.000E+00  0.000E+00  0.000E+00  0.184E+02
 2009   30   00  0.567E+01  0.102E+02  0.339E-01  0.666E-02  0.156E+01  0.322E-01  0.108E-01  0.189E-01  0.960E-03  0.324E+00  0.000E+00  0.000E+00  0.000E+00  0.000E+00  0.000E+00  0.000E+00  0.000E+00  0.000E+00  0.185E+02
 2009   31   00  0.566E+01  0.896E+01  0.257E-01  0.492E-02  0.139E+01  0.268E-01  0.897E-02  0.159E-01  0.864E-03  0.182E+00  0.000E+00  0.000E+00  0.000E+00  0.000E+00  0.000E+00  0.000E+00  0.000E+00  0.000E+00  0.168E+02
 2009   32   00  0.471E+01  0.985E+01  0.264E-01  0.504E-02  0.159E+01  0.310E-01  0.962E-02  0.180E-01  0.568E-03  0.279E+00  0.000E+00  0.000E+00  0.000E+00  0.000E+00  0.000E+00  0.000E+00  0.000E+00  0.000E+00  0.165E+02
 2009   33   00  0.433E+01  0.961E+01  0.215E-01  0.391E-02  0.160E+01  0.346E-01  0.947E-02  0.183E-01  0.323E-04  0.117E+02  0.000E+00  0.000E+00  0.000E+00  0.000E+00  0.000E+00  0.000E+00  0.000E+00  0.000E+00  0.192E+02
 2009   34   00  0.433E+01  0.936E+01  0.181E-01  0.324E-02  0.158E+01  0.359E-01  0.870E-02  0.179E-01  0.120E-04  0.107E+02  0.000E+00  0.000E+00  0.000E+00  0.000E+00  0.000E+00  0.000E+00  0.000E+00  0.000E+00  0.194E+02
 2009   35   00  0.401E+01  0.899E+01  0.156E-01  0.277E-02  0.161E+01  0.349E-01  0.916E-02  0.178E-01  0.520E-04  0.956E+01  0.000E+00  0.000E+00  0.000E+00  0.000E+00  0.000E+00  0.000E+00  0.000E+00  0.000E+00  0.192E+02
 2009   36   00  0.409E+01  0.903E+01  0.136E-01  0.243E-02  0.165E+01  0.327E-01  0.106E-01  0.180E-01  0.414E-05  0.937E+01  0.000E+00  0.000E+00  0.000E+00  0.000E+00  0.000E+00  0.000E+00  0.000E+00  0.000E+00  0.196E+02
 2009   37   00  0.186E+01  0.163E+02  0.253E-01  0.459E-02  0.357E+01  0.607E-01  0.244E-01  0.381E-01  0.638E-05  0.300E-02  0.000E+00  0.000E+00  0.000E+00  0.000E+00  0.000E+00  0.000E+00  0.000E+00  0.000E+00  0.197E+02
 2009   38   00  0.163E+01  0.183E+02  0.267E-01  0.506E-02  0.406E+01  0.596E-01  0.262E-01  0.432E-01  0.464E-05  0.919E-02  0.000E+00  0.000E+00  0.000E+00  0.000E+00  0.000E+00  0.000E+00  0.000E+00  0.000E+00  0.187E+02
 2009   39   00  0.544E+01  0.669E+01  0.712E-02  0.139E-02  0.120E+01  0.160E-01  0.751E-02  0.127E-01  0.000E+00  0.426E+01  0.000E+00  0.000E+00  0.000E+00  0.000E+00  0.000E+00  0.000E+00  0.000E+00  0.000E+00  0.195E+02
 2009   40   00  0.548E+01  0.866E+01  0.116E-01  0.141E-02  0.139E+01  0.385E-01  0.150E-01  0.140E-01  0.000E+00  0.156E+00  0.000E+00  0.000E+00  0.000E+00  0.000E+00  0.000E+00  0.000E+00  0.000E+00  0.000E+00  0.201E+02
 2009   41   00  0.281E+01  0.110E+02  0.129E-01  0.267E-02  0.251E+01  0.317E-01  0.138E-01  0.265E-01  0.000E+00  0.879E-01  0.000E+00  0.000E+00  0.000E+00  0.000E+00  0.000E+00  0.000E+00  0.000E+00  0.000E+00  0.191E+02
 2009   42   00  0.505E+01  0.710E+01  0.700E-02  0.146E-02  0.145E+01  0.196E-01  0.866E-02  0.154E-01  0.000E+00  0.109E+01  0.000E+00  0.000E+00  0.000E+00  0.000E+00  0.000E+00  0.000E+00  0.000E+00  0.000E+00  0.198E+02
 2009   43   00  0.339E+01  0.923E+01  0.999E-02  0.211E-02  0.217E+01  0.394E-01  0.120E-01  0.234E-01  0.000E+00  0.331E+01  0.000E+00  0.000E+00  0.000E+00  0.000E+00  0.000E+00  0.000E+00  0.000E+00  0.000E+00  0.196E+02
 2009   44   00  0.342E+01  0.868E+01  0.922E-02  0.194E-02  0.210E+01  0.348E-01  0.132E-01  0.230E-01  0.000E+00  0.136E+02  0.000E+00  0.000E+00  0.000E+00  0.000E+00  0.000E+00  0.000E+00  0.000E+00  0.000E+00  0.206E+02
 2009   45   00  0.540E+01  0.167E+02  0.464E-01  0.125E-01  0.272E+01  0.360E-01  0.130E-01  0.237E-01  0.162E-02  0.224E+00  0.000E+00  0.000E+00  0.000E+00  0.000E+00  0.000E+00  0.000E+00  0.000E+00  0.000E+00  0.228E+02
 2009   46   00  0.526E+01  0.153E+02  0.367E-01  0.939E-02  0.319E+01  0.316E-01  0.134E-01  0.278E-01  0.136E-02  0.147E+02  0.000E+00  0.000E+00  0.000E+00  0.000E+00  0.000E+00  0.000E+00  0.000E+00  0.000E+00  0.193E+02
 2009   47   00  0.444E+01  0.930E+01  0.204E-01  0.491E-02  0.224E+01  0.254E-01  0.932E-02  0.209E-01  0.129E-02  0.161E+00  0.000E+00  0.000E+00  0.000E+00  0.000E+00  0.000E+00  0.000E+00  0.000E+00  0.000E+00  0.178E+02
 2009   48   00  0.391E+01  0.104E+02  0.223E-01  0.549E-02  0.259E+01  0.310E-01  0.119E-01  0.263E-01  0.141E-02  0.250E+00  0.000E+00  0.000E+00  0.000E+00  0.000E+00  0.000E+00  0.000E+00  0.000E+00  0.000E+00  0.151E+02
 2009   49   00  0.493E+01  0.152E+02  0.695E-01  0.156E-01  0.255E+01  0.372E-01  0.150E-01  0.253E-01  0.737E-02  0.977E+01  0.170E+02  0.000E+00  0.000E+00  0.000E+00  0.000E+00  0.000E+00  0.000E+00  0.000E+00  0.183E+02
 2009   50   00  0.543E+01  0.221E+02  0.888E-01  0.186E-01  0.280E+01  0.460E-01  0.151E-01  0.231E-01  0.972E-02  0.394E+01  0.224E+02  0.000E+00  0.000E+00  0.000E+00  0.000E+00  0.000E+00  0.000E+00  0.000E+00  0.191E+02
 2009   51   00  0.489E+01  0.132E+02  0.393E-01  0.801E-02  0.233E+01  0.390E-01  0.133E-01  0.226E-01  0.920E-03  0.101E+02  0.672E-02  0.000E+00  0.000E+00  0.000E+00  0.000E+00  0.000E+00  0.000E+00  0.000E+00  0.198E+02
 2009   52   00  0.427E+01  0.118E+02  0.346E-01  0.676E-02  0.229E+01  0.350E-01  0.134E-01  0.254E-01  0.642E-03  0.664E+01  0.000E+00  0.000E+00  0.000E+00  0.000E+00  0.000E+00  0.000E+00  0.000E+00  0.000E+00  0.165E+02
 2009   53   00  0.425E+01  0.985E+01  0.269E-01  0.495E-02  0.219E+01  0.405E-01  0.132E-01  0.256E-01  0.349E-04  0.772E+00  0.000E+00  0.000E+00  0.000E+00  0.000E+00  0.000E+00  0.000E+00  0.000E+00  0.000E+00  0.190E+02
 2009   54   00  0.404E+01  0.913E+01  0.220E-01  0.382E-02  0.205E+01  0.444E-01  0.134E-01  0.258E-01  0.143E-04  0.152E+01  0.000E+00  0.000E+00  0.000E+00  0.000E+00  0.000E+00  0.000E+00  0.000E+00  0.000E+00  0.209E+02
 2009   55   00  0.370E+01  0.915E+01  0.187E-01  0.305E-02  0.205E+01  0.473E-01  0.158E-01  0.277E-01  0.648E-05  0.000E+00  0.000E+00  0.000E+00  0.000E+00  0.000E+00  0.000E+00  0.000E+00  0.000E+00  0.000E+00  0.225E+02
 2009   56   00  0.200E+01  0.137E+02  0.273E-01  0.414E-02  0.357E+01  0.723E-01  0.347E-01  0.502E-01  0.479E-05  0.677E+01  0.000E+00  0.000E+00  0.000E+00  0.000E+00  0.000E+00  0.000E+00  0.000E+00  0.000E+00  0.240E+02
 2009   57   00  0.379E+01  0.821E+01  0.151E-01  0.249E-02  0.191E+01  0.289E-01  0.155E-01  0.272E-01  0.799E-04  0.201E+01  0.000E+00  0.000E+00  0.000E+00  0.000E+00  0.000E+00  0.000E+00  0.000E+00  0.000E+00  0.205E+02
 2009   58   00  0.536E+01  0.654E+01  0.104E-01  0.179E-02  0.135E+01  0.198E-01  0.970E-02  0.195E-01  0.113E-04  0.583E+01  0.000E+00  0.000E+00  0.000E+00  0.000E+00  0.000E+00  0.000E+00  0.000E+00  0.000E+00  0.189E+02
 2009   59   00  0.311E+01  0.956E+01  0.183E-01  0.337E-02  0.227E+01  0.442E-01  0.169E-01  0.342E-01  0.114E-05  0.112E+02  0.000E+00  0.000E+00  0.000E+00  0.000E+00  0.000E+00  0.000E+00  0.000E+00  0.000E+00  0.176E+02
 2009   60   00  0.338E+01  0.823E+01  0.164E-01  0.324E-02  0.193E+01  0.423E-01  0.144E-01  0.295E-01  0.000E+00  0.140E+02  0.000E+00  0.000E+00  0.000E+00  0.000E+00  0.000E+00  0.000E+00  0.000E+00  0.000E+00  0.158E+02
 2009   61   00  0.330E+01  0.867E+01  0.179E-01  0.383E-02  0.201E+01  0.447E-01  0.153E-01  0.308E-01  0.000E+00  0.758E+01  0.000E+00  0.000E+00  0.000E+00  0.000E+00  0.000E+00  0.000E+00  0.000E+00  0.000E+00  0.145E+02
 2009   62   00  0.350E+01  0.115E+02  0.634E-01  0.119E-01  0.206E+01  0.559E-01  0.167E-01  0.323E-01  0.737E-03  0.554E-02  0.000E+00  0.000E+00  0.000E+00  0.000E+00  0.000E+00  0.000E+00  0.000E+00  0.000E+00  0.160E+02
 2009   63   00  0.471E+01  0.946E+01  0.463E-01  0.797E-02  0.168E+01  0.426E-01  0.130E-01  0.247E-01  0.136E-02  0.683E-01  0.000E+00  0.000E+00  0.000E+00  0.000E+00  0.000E+00  0.000E+00  0.000E+00  0.000E+00  0.162E+02
 2009   64   00  0.355E+02  0.384E+03  0.212E+00  0.123E+00  0.217E+01  0.350E-01  0.746E-02  0.383E-01  0.189E+01  0.967E+01  0.439E+02  0.000E+00  0.000E+00  0.000E+00  0.000E+00  0.000E+00  0.000E+00  0.000E+00  0.175E+02
 2009   65   00  0.828E+02  0.251E+03  0.236E+00  0.995E-01  0.355E+01  0.356E-01  0.597E-02  0.314E-01  0.190E+01  0.942E+01  0.119E+03  0.000E+00  0.000E+00  0.000E+00  0.000E+00  0.000E+00  0.000E+00  0.000E+00  0.152E+02
 2009   66   00  0.781E+02  0.145E+03  0.398E+00  0.112E+00  0.453E+01  0.373E-01  0.435E-02  0.888E-02  0.131E+01  0.909E+01  0.785E+03  0.000E+00  0.000E+00  0.000E+00  0.000E+00  0.000E+00  0.000E+00  0.000E+00  0.117E+02
 2009   67   00  0.712E+02  0.111E+03  0.302E+00  0.851E-01  0.427E+01  0.301E-01  0.277E-02  0.117E-01  0.149E+01  0.990E+01  0.379E+03  0.000E+00  0.000E+00  0.000E+00  0.000E+00  0.000E+00  0.000E+00  0.000E+00  0.133E+02
 2009   68   00  0.890E+02  0.797E+02  0.188E+00  0.510E-01  0.472E+01  0.237E-01  0.310E-02  0.124E-01  0.669E+00  0.107E+02  0.143E+03  0.000E+00  0.000E+00  0.000E+00  0.000E+00  0.000E+00  0.000E+00  0.000E+00  0.176E+02
 2009   69   00  0.655E+02  0.580E+02  0.119E+00  0.309E-01  0.516E+01  0.187E-01  0.272E-02  0.107E-01  0.251E+00  0.104E+02  0.530E+02  0.000E+00  0.000E+00  0.000E+00  0.000E+00  0.000E+00  0.000E+00  0.000E+00  0.158E+02
 2009   70   00  0.491E+02  0.360E+02  0.152E+00  0.400E-01  0.446E+01  0.258E-01  0.304E-02  0.115E-01  0.147E+00  0.909E+01  0.427E+02  0.000E+00  0.000E+00  0.000E+00  0.000E+00  0.000E+00  0.000E+00  0.000E+00  0.170E+02
 2009   71   00  0.574E+02  0.482E+02  0.128E+00  0.328E-01  0.431E+01  0.268E-01  0.415E-02  0.108E-01  0.560E-01  0.904E+01  0.267E+02  0.000E+00  0.000E+00  0.000E+00  0.000E+00  0.000E+00  0.000E+00  0.000E+00  0.202E+02
 2009   72   00  0.632E+02  0.103E+03  0.131E+00  0.423E-01  0.361E+01  0.188E-01  0.273E-02  0.137E-01  0.652E+00  0.912E+01  0.677E+02  0.000E+00  0.000E+00  0.000E+00  0.000E+00  0.000E+00  0.000E+00  0.000E+00  0.192E+02
 2009   73   00  0.758E+02  0.667E+02  0.782E-01  0.255E-01  0.396E+01  0.125E-01  0.155E-02  0.111E-01  0.338E+00  0.822E+01  0.164E+02  0.000E+00  0.000E+00  0.000E+00  0.000E+00  0.000E+00  0.000E+00  0.000E+00  0.161E+02
 2009   74   00  0.525E+02  0.503E+02  0.504E-01  0.149E-01  0.439E+01  0.121E-01  0.167E-02  0.872E-02  0.144E+00  0.950E+01  0.467E+01  0.000E+00  0.000E+00  0.000E+00  0.000E+00  0.000E+00  0.000E+00  0.000E+00  0.159E+02
 2009   75   00  0.354E+02  0.314E+02  0.260E-01  0.769E-02  0.414E+01  0.681E-02  0.856E-03  0.606E-02  0.488E-01  0.937E+01  0.247E+00  0.000E+00  0.000E+00  0.000E+00  0.000E+00  0.000E+00  0.000E+00  0.000E+00  0.183E+02
 2009   76   00  0.393E+02  0.311E+02  0.174E-01  0.507E-02  0.389E+01  0.552E-02  0.929E-03  0.510E-02  0.261E-01  0.664E+01  0.764E+00  0.000E+00  0.000E+00  0.000E+00  0.000E+00  0.000E+00  0.000E+00  0.000E+00  0.190E+02
 2009   77   00  0.257E+02  0.293E+02  0.163E-01  0.484E-02  0.443E+01  0.629E-02  0.128E-02  0.583E-02  0.178E-01  0.520E+01  0.542E-02  0.000E+00  0.000E+00  0.000E+00  0.000E+00  0.000E+00  0.000E+00  0.000E+00  0.200E+02
 2009   78   00  0.247E+02  0.280E+02  0.109E-01  0.352E-02  0.454E+01  0.642E-02  0.145E-02  0.557E-02  0.788E-02  0.852E+01  0.596E-04  0.000E+00  0.000E+00  0.000E+00  0.000E+00  0.000E+00  0.000E+00  0.000E+00  0.222E+02
 2009   79   00  0.213E+02  0.278E+02  0.115E-01  0.352E-02  0.432E+01  0.730E-02  0.189E-02  0.622E-02  0.702E-02  0.676E+01  0.000E+00  0.000E+00  0.000E+00  0.000E+00  0.000E+00  0.000E+00  0.000E+00  0.000E+00  0.229E+02
 2009   80   00  0.171E+02  0.264E+02  0.944E-02  0.322E-02  0.485E+01  0.787E-02  0.194E-02  0.638E-02  0.384E-02  0.750E+01  0.000E+00  0.000E+00  0.000E+00  0.000E+00  0.000E+00  0.000E+00  0.000E+00  0.000E+00  0.213E+02
 2009   81   00  0.182E+02  0.669E+02  0.581E+00  0.110E+00  0.394E+01  0.681E-01  0.995E-02  0.119E-01  0.112E+00  0.110E+02  0.339E+02  0.000E+00  0.000E+00  0.000E+00  0.000E+00  0.000E+00  0.000E+00  0.000E+00  0.221E+02
 2009   82   00  0.249E+02  0.921E+02  0.226E+00  0.570E-01  0.323E+01  0.404E-01  0.693E-02  0.146E-01  0.282E+00  0.348E+01  0.630E+02  0.000E+00  0.000E+00  0.000E+00  0.000E+00  0.000E+00  0.000E+00  0.000E+00  0.191E+02
 2009   83   00  0.329E+02  0.575E+02  0.127E+00  0.324E-01  0.320E+01  0.284E-01  0.432E-02  0.138E-01  0.104E+00  0.984E+01  0.324E+01  0.000E+00  0.000E+00  0.000E+00  0.000E+00  0.000E+00  0.000E+00  0.000E+00  0.163E+02
 2009   84   00  0.206E+02  0.386E+02  0.638E-01  0.162E-01  0.323E+01  0.188E-01  0.413E-02  0.117E-01  0.348E-01  0.966E+01  0.254E+00  0.000E+00  0.000E+00  0.000E+00  0.000E+00  0.000E+00  0.000E+00  0.000E+00  0.182E+02
 2009   85   00  0.165E+02  0.285E+02  0.465E-01  0.115E-01  0.341E+01  0.172E-01  0.282E-02  0.999E-02  0.254E-01  0.113E+02  0.533E-01  0.000E+00  0.000E+00  0.000E+00  0.000E+00  0.000E+00  0.000E+00  0.000E+00  0.173E+02
 2009   86   00  0.159E+02  0.343E+02  0.191E+00  0.398E-01  0.345E+01  0.414E-01  0.573E-02  0.103E-01  0.343E-01  0.629E+01  0.725E+02  0.000E+00  0.000E+00  0.000E+00  0.000E+00  0.000E+00  0.000E+00  0.000E+00  0.185E+02
 2009   87   00  0.515E+02  0.940E+02  0.251E+00  0.657E-01  0.211E+01  0.436E-01  0.543E-02  0.277E-01  0.956E+00  0.685E+01  0.592E+02  0.000E+00  0.000E+00  0.000E+00  0.000E+00  0.000E+00  0.000E+00  0.000E+00  0.164E+02
 2009   88   00  0.103E+03  0.891E+02  0.902E+00  0.179E+00  0.197E+01  0.587E-01  0.718E-02  0.464E-02  0.825E+00  0.865E+01  0.294E+04  0.000E+00  0.000E+00  0.000E+00  0.000E+00  0.000E+00  0.000E+00  0.000E+00  0.162E+02
 2009   89   00  0.763E+02  0.738E+02  0.406E+00  0.814E-01  0.267E+01  0.520E-01  0.799E-02  0.969E-02  0.326E+00  0.105E+02  0.349E+03  0.000E+00  0.000E+00  0.000E+00  0.000E+00  0.000E+00  0.000E+00  0.000E+00  0.169E+02
 2009   90   00  0.397E+02  0.362E+02  0.118E+00  0.246E-01  0.223E+01  0.198E-01  0.302E-02  0.593E-02  0.394E-01  0.933E+01  0.906E+02  0.000E+00  0.000E+00  0.000E+00  0.000E+00  0.000E+00  0.000E+00  0.000E+00  0.183E+02
 2009   91   00  0.409E+02  0.334E+02  0.455E-01  0.994E-02  0.273E+01  0.112E-01  0.203E-02  0.551E-02  0.137E-01  0.956E+01  0.764E+01  0.000E+00  0.000E+00  0.000E+00  0.000E+00  0.000E+00  0.000E+00  0.000E+00  0.176E+02
 2009   92   00  0.301E+02  0.284E+02  0.347E-01  0.840E-02  0.314E+01  0.800E-02  0.138E-02  0.490E-02  0.785E-02  0.102E+02  0.592E-01  0.000E+00  0.000E+00  0.000E+00  0.000E+00  0.000E+00  0.000E+00  0.000E+00  0.160E+02
 2009   93   00  0.257E+02  0.216E+02  0.138E-01  0.395E-02  0.281E+01  0.607E-02  0.895E-03  0.417E-02  0.421E-02  0.834E+01  0.545E-03  0.000E+00  0.000E+00  0.000E+00  0.000E+00  0.000E+00  0.000E+00  0.000E+00  0.176E+02
 2009   94   00  0.243E+02  0.239E+02  0.209E-01  0.541E-02  0.322E+01  0.748E-02  0.140E-02  0.503E-02  0.235E-02  0.922E+01  0.899E-04  0.000E+00  0.000E+00  0.000E+00  0.000E+00  0.000E+00  0.000E+00  0.000E+00  0.216E+02
 2009   95   00  0.301E+02  0.389E+02  0.119E+00  0.265E-01  0.231E+01  0.255E-01  0.427E-02  0.135E-01  0.169E+00  0.261E+01  0.359E+02  0.000E+00  0.000E+00  0.000E+00  0.000E+00  0.000E+00  0.000E+00  0.000E+00  0.190E+02
 2009   96   00  0.420E+02  0.396E+02  0.780E-01  0.182E-01  0.256E+01  0.203E-01  0.382E-02  0.129E-01  0.110E+00  0.954E+01  0.188E+01  0.000E+00  0.000E+00  0.000E+00  0.000E+00  0.000E+00  0.000E+00  0.000E+00  0.173E+02
 2009   97   00  0.293E+02  0.320E+02  0.366E-01  0.906E-02  0.266E+01  0.133E-01  0.271E-02  0.919E-02  0.296E-01  0.117E+01  0.295E+00  0.000E+00  0.000E+00  0.000E+00  0.000E+00  0.000E+00  0.000E+00  0.000E+00  0.180E+02
 2009   98   00  0.164E+02  0.320E+02  0.322E-01  0.829E-02  0.363E+01  0.132E-01  0.248E-02  0.875E-02  0.576E-02  0.799E+01  0.657E-01  0.000E+00  0.000E+00  0.000E+00  0.000E+00  0.000E+00  0.000E+00  0.000E+00  0.187E+02
 2009   99   00  0.210E+02  0.271E+02  0.188E-01  0.392E-02  0.339E+01  0.322E-01  0.730E-02  0.594E-02  0.360E-02  0.107E+02  0.206E-01  0.000E+00  0.000E+00  0.000E+00  0.000E+00  0.000E+00  0.000E+00  0.000E+00  0.179E+02
 2009  100   00  0.236E+02  0.189E+02  0.113E-01  0.255E-02  0.248E+01  0.216E-01  0.369E-02  0.458E-02  0.239E-02  0.332E+00  0.327E-02  0.000E+00  0.000E+00  0.000E+00  0.000E+00  0.000E+00  0.000E+00  0.000E+00  0.202E+02
 2009  101   00  0.163E+02  0.223E+02  0.891E-02  0.299E-02  0.307E+01  0.113E-01  0.228E-02  0.590E-02  0.138E-02  0.108E+02  0.179E-02  0.000E+00  0.000E+00  0.000E+00  0.000E+00  0.000E+00  0.000E+00  0.000E+00  0.209E+02
 2009  102   00  0.259E+02  0.335E+02  0.111E+00  0.210E-01  0.221E+01  0.326E-01  0.786E-02  0.160E-01  0.105E+00  0.129E+01  0.159E+02  0.000E+00  0.000E+00  0.000E+00  0.000E+00  0.000E+00  0.000E+00  0.000E+00  0.222E+02
 2009  103   00  0.580E+02  0.385E+02  0.102E+00  0.201E-01  0.211E+01  0.244E-01  0.619E-02  0.112E-01  0.974E-01  0.855E+01  0.367E+02  0.000E+00  0.000E+00  0.000E+00  0.000E+00  0.000E+00  0.000E+00  0.000E+00  0.225E+02
 2009  104   00  0.605E+02  0.362E+02  0.587E-01  0.116E-01  0.221E+01  0.174E-01  0.419E-02  0.846E-02  0.298E-01  0.845E+01  0.349E+01  0.000E+00  0.000E+00  0.000E+00  0.000E+00  0.000E+00  0.000E+00  0.000E+00  0.229E+02
 2009  105   00  0.361E+02  0.267E+02  0.231E-01  0.509E-02  0.215E+01  0.963E-02  0.237E-02  0.555E-02  0.484E-02  0.829E+01  0.151E+00  0.000E+00  0.000E+00  0.000E+00  0.000E+00  0.000E+00  0.000E+00  0.000E+00  0.228E+02
 2009  106   00  0.433E+02  0.475E+02  0.255E+00  0.505E-01  0.356E+01  0.298E-01  0.366E-02  0.709E-02  0.115E+00  0.901E+01  0.526E+02  0.000E+00  0.000E+00  0.000E+00  0.000E+00  0.000E+00  0.000E+00  0.000E+00  0.204E+02
 2009  107   00  0.463E+02  0.316E+02  0.105E+00  0.213E-01  0.294E+01  0.189E-01  0.307E-02  0.660E-02  0.446E-01  0.883E+01  0.557E+01  0.000E+00  0.000E+00  0.000E+00  0.000E+00  0.000E+00  0.000E+00  0.000E+00  0.217E+02
 2009  108   00  0.322E+02  0.220E+02  0.109E+01  0.232E+00  0.288E+01  0.305E-01  0.336E-02  0.266E-02  0.258E-01  0.896E+01  0.170E+04  0.000E+00  0.000E+00  0.000E+00  0.000E+00  0.000E+00  0.000E+00  0.000E+00  0.200E+02
 2009  109   00  0.146E+03  0.125E+03  0.318E+00  0.684E-01  0.207E+01  0.285E-01  0.381E-02  0.138E-01  0.224E+01  0.102E+02  0.551E+03  0.000E+00  0.000E+00  0.000E+00  0.000E+00  0.000E+00  0.000E+00  0.000E+00  0.199E+02
 2009  110   00  0.260E+03  0.107E+03  0.201E+00  0.413E-01  0.199E+01  0.289E-01  0.533E-02  0.173E-01  0.802E+00  0.897E+01  0.141E+03  0.000E+00  0.000E+00  0.000E+00  0.000E+00  0.000E+00  0.000E+00  0.000E+00  0.241E+02
 2009  111   00  0.155E+03  0.826E+02  0.105E+00  0.213E-01  0.200E+01  0.185E-01  0.406E-02  0.125E-01  0.249E+00  0.725E+01  0.509E+02  0.000E+00  0.000E+00  0.000E+00  0.000E+00  0.000E+00  0.000E+00  0.000E+00  0.224E+02
 2009  112   00  0.632E+02  0.293E+02  0.353E-01  0.846E-02  0.210E+01  0.755E-02  0.115E-02  0.543E-02  0.125E-01  0.103E+02  0.185E+02  0.000E+00  0.000E+00  0.000E+00  0.000E+00  0.000E+00  0.000E+00  0.000E+00  0.189E+02
 2009  113   00  0.782E+02  0.319E+02  0.211E-01  0.525E-02  0.227E+01  0.639E-02  0.110E-02  0.462E-02  0.408E-02  0.846E+01  0.611E+01  0.000E+00  0.000E+00  0.000E+00  0.000E+00  0.000E+00  0.000E+00  0.000E+00  0.220E+02
 2009  114   00  0.595E+02  0.267E+02  0.224E+00  0.422E-01  0.219E+01  0.161E-01  0.196E-02  0.448E-02  0.529E-02  0.839E+01  0.274E+03  0.000E+00  0.000E+00  0.000E+00  0.000E+00  0.000E+00  0.000E+00  0.000E+00  0.236E+02
 2009  115   00  0.103E+03  0.611E+02  0.293E+00  0.530E-01  0.173E+01  0.417E-01  0.749E-02  0.178E-01  0.777E+00  0.938E+01  0.270E+03  0.000E+00  0.000E+00  0.000E+00  0.000E+00  0.000E+00  0.000E+00  0.000E+00  0.210E+02
 2009  116   00  0.169E+03  0.672E+02  0.220E+00  0.385E-01  0.184E+01  0.381E-01  0.610E-02  0.182E-01  0.617E+00  0.110E+02  0.796E+02  0.000E+00  0.000E+00  0.000E+00  0.000E+00  0.000E+00  0.000E+00  0.000E+00  0.194E+02
 2009  117   00  0.115E+03  0.538E+02  0.137E+00  0.234E-01  0.212E+01  0.295E-01  0.530E-02  0.140E-01  0.229E+00  0.763E+01  0.197E+02  0.000E+00  0.000E+00  0.000E+00  0.000E+00  0.000E+00  0.000E+00  0.000E+00  0.187E+02
 2009  118   00  0.653E+02  0.286E+02  0.639E-01  0.112E-01  0.226E+01  0.186E-01  0.316E-02  0.774E-02  0.237E-01  0.864E+01  0.827E+01  0.000E+00  0.000E+00  0.000E+00  0.000E+00  0.000E+00  0.000E+00  0.000E+00  0.199E+02
 2009  119   00  0.702E+02  0.287E+02  0.419E-01  0.742E-02  0.241E+01  0.156E-01  0.309E-02  0.555E-02  0.517E-02  0.982E+01  0.189E+01  0.000E+00  0.000E+00  0.000E+00  0.000E+00  0.000E+00  0.000E+00  0.000E+00  0.196E+02
 2009  120   00  0.704E+02  0.228E+02  0.376E-01  0.643E-02  0.224E+01  0.176E-01  0.357E-02  0.484E-02  0.894E-03  0.959E+01  0.263E+01  0.000E+00  0.000E+00  0.000E+00  0.000E+00  0.000E+00  0.000E+00  0.000E+00  0.212E+02
 2009  121   00  0.640E+02  0.486E+02  0.279E-01  0.452E-02  0.217E+01  0.210E-01  0.396E-02  0.385E-02  0.191E-03  0.841E+01  0.819E+00  0.000E+00  0.000E+00  0.000E+00  0.000E+00  0.000E+00  0.000E+00  0.000E+00  0.211E+02
 2009  122   00  0.524E+02  0.332E+02  0.106E-01  0.237E-02  0.203E+01  0.862E-02  0.192E-02  0.285E-02  0.809E-04  0.882E+01  0.200E+00  0.000E+00  0.000E+00  0.000E+00  0.000E+00  0.000E+00  0.000E+00  0.000E+00  0.216E+02
 2009  123   00  0.347E+02  0.256E+02  0.794E-02  0.245E-02  0.227E+01  0.552E-02  0.141E-02  0.323E-02  0.364E-04  0.927E+01  0.909E-03  0.000E+00  0.000E+00  0.000E+00  0.000E+00  0.000E+00  0.000E+00  0.000E+00  0.211E+02
 2009  124   00  0.335E+02  0.227E+02  0.540E-02  0.199E-02  0.221E+01  0.480E-02  0.975E-03  0.308E-02  0.202E-04  0.922E+01  0.166E-02  0.000E+00  0.000E+00  0.000E+00  0.000E+00  0.000E+00  0.000E+00  0.000E+00  0.222E+02
 2009  125   00  0.307E+02  0.212E+02  0.986E-02  0.276E-02  0.213E+01  0.570E-02  0.905E-03  0.334E-02  0.300E-02  0.851E+01  0.000E+00  0.000E+00  0.000E+00  0.000E+00  0.000E+00  0.000E+00  0.000E+00  0.000E+00  0.220E+02
 2009  126   00  0.265E+02  0.217E+02  0.534E-02  0.205E-02  0.233E+01  0.490E-02  0.125E-02  0.350E-02  0.469E-03  0.558E+00  0.000E+00  0.000E+00  0.000E+00  0.000E+00  0.000E+00  0.000E+00  0.000E+00  0.000E+00  0.218E+02
 2009  127   00  0.257E+02  0.197E+02  0.154E-01  0.379E-02  0.218E+01  0.617E-02  0.115E-02  0.364E-02  0.110E-02  0.133E+01  0.000E+00  0.000E+00  0.000E+00  0.000E+00  0.000E+00  0.000E+00  0.000E+00  0.000E+00  0.210E+02
 2009  128   00  0.221E+02  0.201E+02  0.531E-02  0.213E-02  0.240E+01  0.582E-02  0.126E-02  0.382E-02  0.121E-03  0.519E+01  0.000E+00  0.000E+00  0.000E+00  0.000E+00  0.000E+00  0.000E+00  0.000E+00  0.000E+00  0.210E+02
 2009  129   00  0.218E+02  0.186E+02  0.135E-01  0.346E-02  0.224E+01  0.758E-02  0.112E-02  0.408E-02  0.222E-02  0.274E+01  0.000E+00  0.000E+00  0.000E+00  0.000E+00  0.000E+00  0.000E+00  0.000E+00  0.000E+00  0.215E+02
 2009  130   00  0.148E+02  0.249E+02  0.965E-02  0.264E-02  0.328E+01  0.213E-01  0.451E-02  0.572E-02  0.653E-04  0.110E+02  0.000E+00  0.000E+00  0.000E+00  0.000E+00  0.000E+00  0.000E+00  0.000E+00  0.000E+00  0.225E+02
 2009  131   00  0.187E+02  0.167E+02  0.396E-02  0.162E-02  0.222E+01  0.770E-02  0.185E-02  0.422E-02  0.125E-05  0.654E+01  0.000E+00  0.000E+00  0.000E+00  0.000E+00  0.000E+00  0.000E+00  0.000E+00  0.000E+00  0.242E+02
 2009  132   00  0.213E+02  0.140E+02  0.340E-02  0.131E-02  0.188E+01  0.674E-02  0.192E-02  0.386E-02  0.000E+00  0.761E+01  0.000E+00  0.000E+00  0.000E+00  0.000E+00  0.000E+00  0.000E+00  0.000E+00  0.000E+00  0.254E+02
 2009  133   00  0.140E+02  0.176E+02  0.455E-02  0.179E-02  0.261E+01  0.967E-02  0.274E-02  0.549E-02  0.000E+00  0.114E+02  0.000E+00  0.000E+00  0.000E+00  0.000E+00  0.000E+00  0.000E+00  0.000E+00  0.000E+00  0.241E+02
 2009  134   00  0.149E+02  0.155E+02  0.399E-02  0.156E-02  0.232E+01  0.104E-01  0.192E-02  0.498E-02  0.000E+00  0.593E+01  0.000E+00  0.000E+00  0.000E+00  0.000E+00  0.000E+00  0.000E+00  0.000E+00  0.000E+00  0.249E+02
 2009  135   00  0.142E+02  0.150E+02  0.404E-02  0.156E-02  0.234E+01  0.101E-01  0.278E-02  0.522E-02  0.000E+00  0.798E+01  0.000E+00  0.000E+00  0.000E+00  0.000E+00  0.000E+00  0.000E+00  0.000E+00  0.000E+00  0.241E+02
 2009  136   00  0.128E+02  0.151E+02  0.398E-02  0.151E-02  0.247E+01  0.102E-01  0.352E-02  0.558E-02  0.000E+00  0.103E+02  0.000E+00  0.000E+00  0.000E+00  0.000E+00  0.000E+00  0.000E+00  0.000E+00  0.000E+00  0.251E+02
 2009  137   00  0.517E+02  0.530E+02  0.769E-01  0.189E-01  0.186E+01  0.206E-01  0.539E-02  0.125E-01  0.383E-01  0.300E-02  0.885E+01  0.000E+00  0.000E+00  0.000E+00  0.000E+00  0.000E+00  0.000E+00  0.000E+00  0.253E+02
 2009  138   00  0.166E+03  0.608E+02  0.247E+00  0.450E-01  0.100E+01  0.355E-01  0.615E-02  0.189E-01  0.550E+00  0.102E+02  0.650E+02  0.000E+00  0.000E+00  0.000E+00  0.000E+00  0.000E+00  0.000E+00  0.000E+00  0.221E+02
 2009  139   00  0.230E+03  0.680E+02  0.347E+00  0.595E-01  0.768E+00  0.483E-01  0.686E-02  0.147E-01  0.661E+00  0.101E+02  0.146E+03  0.000E+00  0.000E+00  0.000E+00  0.000E+00  0.000E+00  0.000E+00  0.000E+00  0.215E+02
 2009  140   00  0.149E+03  0.602E+02  0.264E+00  0.439E-01  0.856E+00  0.435E-01  0.865E-02  0.137E-01  0.286E+00  0.796E+01  0.698E+02  0.000E+00  0.000E+00  0.000E+00  0.000E+00  0.000E+00  0.000E+00  0.000E+00  0.237E+02
 2009  141   00  0.784E+02  0.243E+02  0.142E+00  0.225E-01  0.983E+00  0.298E-01  0.692E-02  0.131E-01  0.188E-01  0.672E+01  0.484E+01  0.000E+00  0.000E+00  0.000E+00  0.000E+00  0.000E+00  0.000E+00  0.000E+00  0.254E+02
 2009  142   00  0.791E+02  0.278E+02  0.826E-01  0.132E-01  0.112E+01  0.220E-01  0.514E-02  0.936E-02  0.292E-02  0.836E+01  0.131E+01  0.000E+00  0.000E+00  0.000E+00  0.000E+00  0.000E+00  0.000E+00  0.000E+00  0.261E+02
 2009  143   00  0.746E+02  0.260E+02  0.716E-01  0.114E-01  0.116E+01  0.211E-01  0.507E-02  0.829E-02  0.583E-03  0.831E+01  0.982E+00  0.000E+00  0.000E+00  0.000E+00  0.000E+00  0.000E+00  0.000E+00  0.000E+00  0.256E+02
 2009  144   00  0.642E+02  0.168E+02  0.739E-01  0.116E-01  0.108E+01  0.247E-01  0.514E-02  0.797E-02  0.100E-03  0.379E+01  0.104E+01  0.000E+00  0.000E+00  0.000E+00  0.000E+00  0.000E+00  0.000E+00  0.000E+00  0.246E+02
 2009  145   00  0.744E+02  0.192E+02  0.623E-01  0.981E-02  0.113E+01  0.253E-01  0.450E-02  0.658E-02  0.443E-04  0.182E+01  0.128E+01  0.000E+00  0.000E+00  0.000E+00  0.000E+00  0.000E+00  0.000E+00  0.000E+00  0.241E+02
 2009  146   00  0.101E+03  0.366E+02  0.119E+00  0.234E-01  0.760E+00  0.285E-01  0.571E-02  0.123E-01  0.141E+00  0.943E+01  0.458E+02  0.000E+00  0.000E+00  0.000E+00  0.000E+00  0.000E+00  0.000E+00  0.000E+00  0.225E+02
 2009  147   00  0.147E+03  0.500E+02  0.195E+00  0.375E-01  0.816E+00  0.268E-01  0.515E-02  0.782E-02  0.335E+00  0.937E+01  0.221E+03  0.000E+00  0.000E+00  0.000E+00  0.000E+00  0.000E+00  0.000E+00  0.000E+00  0.204E+02
 2009  148   00  0.156E+03  0.509E+02  0.134E+00  0.252E-01  0.102E+01  0.242E-01  0.441E-02  0.911E-02  0.170E+00  0.899E+01  0.543E+02  0.000E+00  0.000E+00  0.000E+00  0.000E+00  0.000E+00  0.000E+00  0.000E+00  0.211E+02
 2009  149   00  0.119E+03  0.296E+02  0.902E-01  0.171E-01  0.102E+01  0.229E-01  0.449E-02  0.780E-02  0.253E-01  0.959E+01  0.111E+02  0.000E+00  0.000E+00  0.000E+00  0.000E+00  0.000E+00  0.000E+00  0.000E+00  0.231E+02
 2009  150   00  0.116E+03  0.210E+02  0.691E-01  0.130E-01  0.102E+01  0.227E-01  0.481E-02  0.634E-02  0.237E-02  0.102E+02  0.291E+01  0.000E+00  0.000E+00  0.000E+00  0.000E+00  0.000E+00  0.000E+00  0.000E+00  0.235E+02
 2009  151   00  0.777E+02  0.298E+02  0.345E-01  0.669E-02  0.130E+01  0.156E-01  0.395E-02  0.467E-02  0.726E-03  0.874E+01  0.107E+01  0.000E+00  0.000E+00  0.000E+00  0.000E+00  0.000E+00  0.000E+00  0.000E+00  0.239E+02
 2009  152   00  0.581E+02  0.255E+02  0.228E-01  0.414E-02  0.133E+01  0.199E-01  0.449E-02  0.330E-02  0.121E-03  0.842E+01  0.304E+00  0.000E+00  0.000E+00  0.000E+00  0.000E+00  0.000E+00  0.000E+00  0.000E+00  0.240E+02
 2009  153   00  0.675E+02  0.238E+02  0.202E-01  0.326E-02  0.125E+01  0.249E-01  0.616E-02  0.297E-02  0.665E-04  0.865E+01  0.201E+00  0.000E+00  0.000E+00  0.000E+00  0.000E+00  0.000E+00  0.000E+00  0.000E+00  0.244E+02
 2009  154   00  0.514E+02  0.479E+02  0.484E-01  0.123E-01  0.123E+01  0.135E-01  0.406E-02  0.426E-02  0.107E+00  0.841E+01  0.793E+02  0.000E+00  0.000E+00  0.000E+00  0.000E+00  0.000E+00  0.000E+00  0.000E+00  0.242E+02
 2009  155   00  0.747E+02  0.320E+02  0.188E+00  0.339E-01  0.917E+00  0.254E-01  0.543E-02  0.133E-02  0.568E-01  0.773E+01  0.311E+04  0.000E+00  0.000E+00  0.000E+00  0.000E+00  0.000E+00  0.000E+00  0.000E+00  0.221E+02
 2009  156   00  0.971E+02  0.294E+02  0.678E-01  0.123E-01  0.863E+00  0.142E-01  0.324E-02  0.478E-02  0.163E-01  0.781E+01  0.151E+03  0.000E+00  0.000E+00  0.000E+00  0.000E+00  0.000E+00  0.000E+00  0.000E+00  0.240E+02
 2009  157   00  0.722E+02  0.288E+02  0.251E-01  0.494E-02  0.986E+00  0.822E-02  0.174E-02  0.379E-02  0.350E-02  0.829E+01  0.895E+01  0.000E+00  0.000E+00  0.000E+00  0.000E+00  0.000E+00  0.000E+00  0.000E+00  0.245E+02
 2009  158   00  0.446E+02  0.268E+02  0.970E-02  0.249E-02  0.117E+01  0.527E-02  0.114E-02  0.294E-02  0.428E-03  0.753E+01  0.909E-01  0.000E+00  0.000E+00  0.000E+00  0.000E+00  0.000E+00  0.000E+00  0.000E+00  0.246E+02
 2009  159   00  0.467E+02  0.250E+02  0.587E-02  0.187E-02  0.116E+01  0.449E-02  0.925E-03  0.249E-02  0.712E-04  0.874E+01  0.163E-02  0.000E+00  0.000E+00  0.000E+00  0.000E+00  0.000E+00  0.000E+00  0.000E+00  0.251E+02
 2009  160   00  0.410E+02  0.247E+02  0.484E-02  0.174E-02  0.120E+01  0.458E-02  0.932E-03  0.251E-02  0.146E-04  0.251E+01  0.667E-04  0.000E+00  0.000E+00  0.000E+00  0.000E+00  0.000E+00  0.000E+00  0.000E+00  0.245E+02
 2009  161   00  0.386E+02  0.244E+02  0.175E-01  0.387E-02  0.116E+01  0.840E-02  0.148E-02  0.364E-02  0.106E-03  0.152E+01  0.000E+00  0.000E+00  0.000E+00  0.000E+00  0.000E+00  0.000E+00  0.000E+00  0.000E+00  0.266E+02
 2009  162   00  0.597E+02  0.407E+02  0.226E+00  0.335E-01  0.881E+00  0.575E-01  0.120E-01  0.176E-01  0.255E+00  0.827E+01  0.613E+02  0.000E+00  0.000E+00  0.000E+00  0.000E+00  0.000E+00  0.000E+00  0.000E+00  0.237E+02
 2009  163   00  0.949E+02  0.572E+02  0.414E+00  0.613E-01  0.873E+00  0.799E-01  0.150E-01  0.197E-01  0.764E+00  0.852E+01  0.851E+02  0.000E+00  0.000E+00  0.000E+00  0.000E+00  0.000E+00  0.000E+00  0.000E+00  0.246E+02
 2009  164   00  0.253E+03  0.806E+02  0.318E+00  0.502E-01  0.803E+00  0.410E-01  0.803E-02  0.215E-01  0.196E+01  0.808E+01  0.985E+02  0.000E+00  0.000E+00  0.000E+00  0.000E+00  0.000E+00  0.000E+00  0.000E+00  0.266E+02
 2009  165   00  0.504E+03  0.975E+02  0.244E+00  0.429E-01  0.791E+00  0.239E-01  0.384E-02  0.180E-01  0.261E+01  0.915E+01  0.133E+03  0.000E+00  0.000E+00  0.000E+00  0.000E+00  0.000E+00  0.000E+00  0.000E+00  0.231E+02
 2009  166   00  0.472E+03  0.895E+02  0.348E+00  0.639E-01  0.939E+00  0.235E-01  0.386E-02  0.524E-02  0.147E+01  0.868E+01  0.199E+04  0.000E+00  0.000E+00  0.000E+00  0.000E+00  0.000E+00  0.000E+00  0.000E+00  0.235E+02
 2009  167   00  0.260E+03  0.737E+02  0.304E+00  0.552E-01  0.132E+01  0.261E-01  0.438E-02  0.270E-02  0.552E+00  0.760E+01  0.830E+03  0.000E+00  0.000E+00  0.000E+00  0.000E+00  0.000E+00  0.000E+00  0.000E+00  0.256E+02
 2009  168   00  0.218E+03  0.811E+02  0.243E+00  0.419E-01  0.111E+01  0.265E-01  0.407E-02  0.111E-01  0.146E+01  0.843E+01  0.166E+03  0.000E+00  0.000E+00  0.000E+00  0.000E+00  0.000E+00  0.000E+00  0.000E+00  0.270E+02
 2009  169   00  0.253E+03  0.780E+02  0.324E+00  0.583E-01  0.129E+01  0.280E-01  0.424E-02  0.351E-02  0.580E+00  0.700E+01  0.434E+03  0.000E+00  0.000E+00  0.000E+00  0.000E+00  0.000E+00  0.000E+00  0.000E+00  0.262E+02
 2009  170   00  0.174E+03  0.688E+02  0.173E+00  0.311E-01  0.162E+01  0.226E-01  0.317E-02  0.462E-02  0.147E+00  0.700E+01  0.128E+03  0.000E+00  0.000E+00  0.000E+00  0.000E+00  0.000E+00  0.000E+00  0.000E+00  0.274E+02
 2009  171   00  0.836E+02  0.427E+02  0.361E-01  0.710E-02  0.186E+01  0.832E-02  0.194E-02  0.521E-02  0.725E-02  0.696E+01  0.660E+01  0.000E+00  0.000E+00  0.000E+00  0.000E+00  0.000E+00  0.000E+00  0.000E+00  0.263E+02
 2009  172   00  0.332E+03  0.756E+02  0.938E-01  0.217E-01  0.785E+00  0.964E-02  0.140E-02  0.135E-01  0.665E+00  0.859E+01  0.825E+02  0.000E+00  0.000E+00  0.000E+00  0.000E+00  0.000E+00  0.000E+00  0.000E+00  0.248E+02
 2009  173   00  0.473E+03  0.736E+02  0.421E+00  0.809E-01  0.729E+00  0.145E-01  0.229E-02  0.738E-03  0.541E+00  0.658E+01  0.442E+04  0.000E+00  0.000E+00  0.000E+00  0.000E+00  0.000E+00  0.000E+00  0.000E+00  0.252E+02
 2009  174   00  0.227E+03  0.739E+02  0.301E+00  0.551E-01  0.105E+01  0.253E-01  0.545E-02  0.861E-03  0.330E+00  0.775E+01  0.194E+04  0.000E+00  0.000E+00  0.000E+00  0.000E+00  0.000E+00  0.000E+00  0.000E+00  0.254E+02
 2009  175   00  0.141E+03  0.460E+02  0.215E+00  0.453E-01  0.965E+00  0.186E-01  0.424E-02  0.145E-02  0.237E+00  0.772E+01  0.121E+04  0.000E+00  0.000E+00  0.000E+00  0.000E+00  0.000E+00  0.000E+00  0.000E+00  0.264E+02
 2009  176   00  0.202E+03  0.594E+02  0.150E+00  0.281E-01  0.133E+01  0.197E-01  0.445E-02  0.498E-02  0.184E+00  0.854E+01  0.205E+03  0.000E+00  0.000E+00  0.000E+00  0.000E+00  0.000E+00  0.000E+00  0.000E+00  0.255E+02
 2009  177   00  0.149E+03  0.518E+02  0.142E+00  0.299E-01  0.143E+01  0.143E-01  0.293E-02  0.331E-02  0.616E-01  0.851E+01  0.553E+03  0.000E+00  0.000E+00  0.000E+00  0.000E+00  0.000E+00  0.000E+00  0.000E+00  0.266E+02
 2009  178   00  0.145E+03  0.473E+02  0.181E+00  0.350E-01  0.130E+01  0.184E-01  0.300E-02  0.477E-02  0.463E+00  0.848E+01  0.236E+03  0.000E+00  0.000E+00  0.000E+00  0.000E+00  0.000E+00  0.000E+00  0.000E+00  0.265E+02
 2009  179   00  0.201E+03  0.518E+02  0.221E+00  0.429E-01  0.145E+01  0.194E-01  0.325E-02  0.363E-02  0.278E+00  0.789E+01  0.353E+03  0.000E+00  0.000E+00  0.000E+00  0.000E+00  0.000E+00  0.000E+00  0.000E+00  0.257E+02
 2009  180   00  0.138E+03  0.465E+02  0.128E+00  0.256E-01  0.164E+01  0.136E-01  0.257E-02  0.354E-02  0.550E-01  0.814E+01  0.110E+03  0.000E+00  0.000E+00  0.000E+00  0.000E+00  0.000E+00  0.000E+00  0.000E+00  0.273E+02
 2009  181   00  0.113E+03  0.396E+02  0.642E-01  0.127E-01  0.185E+01  0.111E-01  0.212E-02  0.337E-02  0.768E-02  0.808E+01  0.306E+02  0.000E+00  0.000E+00  0.000E+00  0.000E+00  0.000E+00  0.000E+00  0.000E+00  0.272E+02
 2009  182   00  0.112E+03  0.377E+02  0.807E-01  0.150E-01  0.179E+01  0.123E-01  0.270E-02  0.326E-02  0.857E-02  0.791E+01  0.780E+02  0.000E+00  0.000E+00  0.000E+00  0.000E+00  0.000E+00  0.000E+00  0.000E+00  0.279E+02
 2009  183   00  0.141E+03  0.401E+02  0.120E+00  0.221E-01  0.138E+01  0.153E-01  0.297E-02  0.477E-02  0.191E+00  0.871E+01  0.182E+03  0.000E+00  0.000E+00  0.000E+00  0.000E+00  0.000E+00  0.000E+00  0.000E+00  0.250E+02
 2009  184   00  0.272E+03  0.644E+02  0.459E+00  0.688E-01  0.864E+00  0.512E-01  0.922E-02  0.123E-01  0.312E+01  0.894E+01  0.666E+03  0.000E+00  0.000E+00  0.000E+00  0.000E+00  0.000E+00  0.000E+00  0.000E+00  0.231E+02
 2009  185   00  0.411E+03  0.827E+02  0.491E+00  0.683E-01  0.866E+00  0.650E-01  0.130E-01  0.222E-01  0.302E+01  0.844E+01  0.183E+03  0.000E+00  0.000E+00  0.000E+00  0.000E+00  0.000E+00  0.000E+00  0.000E+00  0.254E+02
 2009  186   00  0.338E+03  0.908E+02  0.390E+00  0.521E-01  0.108E+01  0.623E-01  0.144E-01  0.231E-01  0.164E+01  0.810E+01  0.609E+02  0.000E+00  0.000E+00  0.000E+00  0.000E+00  0.000E+00  0.000E+00  0.000E+00  0.252E+02
 2009  187   00  0.143E+03  0.571E+02  0.296E+00  0.442E-01  0.151E+01  0.496E-01  0.117E-01  0.869E-02  0.273E+00  0.725E+01  0.131E+03  0.000E+00  0.000E+00  0.000E+00  0.000E+00  0.000E+00  0.000E+00  0.000E+00  0.267E+02
 2009  188   00  0.127E+03  0.428E+02  0.179E+00  0.275E-01  0.178E+01  0.352E-01  0.830E-02  0.650E-02  0.280E-01  0.694E+01  0.706E+02  0.000E+00  0.000E+00  0.000E+00  0.000E+00  0.000E+00  0.000E+00  0.000E+00  0.268E+02
 2009  189   00  0.130E+03  0.401E+02  0.103E+00  0.155E-01  0.193E+01  0.261E-01  0.538E-02  0.677E-02  0.531E-02  0.581E+01  0.191E+02  0.000E+00  0.000E+00  0.000E+00  0.000E+00  0.000E+00  0.000E+00  0.000E+00  0.270E+02
 2009  190   00  0.122E+03  0.271E+02  0.898E-01  0.134E-01  0.185E+01  0.227E-01  0.687E-02  0.760E-02  0.435E-03  0.746E+01  0.348E+01  0.000E+00  0.000E+00  0.000E+00  0.000E+00  0.000E+00  0.000E+00  0.000E+00  0.283E+02
 2009  191   00  0.133E+03  0.278E+02  0.894E-01  0.135E-01  0.195E+01  0.248E-01  0.552E-02  0.747E-02  0.547E-03  0.741E+01  0.238E+01  0.000E+00  0.000E+00  0.000E+00  0.000E+00  0.000E+00  0.000E+00  0.000E+00  0.280E+02
 2009  192   00  0.106E+03  0.260E+02  0.812E-01  0.122E-01  0.212E+01  0.228E-01  0.626E-02  0.713E-02  0.191E-03  0.834E+01  0.140E+01  0.000E+00  0.000E+00  0.000E+00  0.000E+00  0.000E+00  0.000E+00  0.000E+00  0.274E+02
 2009  193   00  0.111E+03  0.264E+02  0.954E-01  0.143E-01  0.212E+01  0.269E-01  0.676E-02  0.822E-02  0.808E-02  0.812E+01  0.199E+01  0.000E+00  0.000E+00  0.000E+00  0.000E+00  0.000E+00  0.000E+00  0.000E+00  0.273E+02
 2009  194   00  0.161E+03  0.348E+02  0.183E+00  0.322E-01  0.161E+01  0.226E-01  0.500E-02  0.249E-02  0.604E-01  0.779E+01  0.744E+03  0.000E+00  0.000E+00  0.000E+00  0.000E+00  0.000E+00  0.000E+00  0.000E+00  0.264E+02
 2009  195   00  0.502E+03  0.833E+02  0.290E+00  0.456E-01  0.631E+00  0.278E-01  0.444E-02  0.172E-01  0.338E+01  0.864E+01  0.915E+02  0.000E+00  0.000E+00  0.000E+00  0.000E+00  0.000E+00  0.000E+00  0.000E+00  0.246E+02
 2009  196   00  0.781E+03  0.904E+02  0.338E+00  0.490E-01  0.700E+00  0.426E-01  0.801E-02  0.224E-01  0.239E+01  0.807E+01  0.323E+02  0.000E+00  0.000E+00  0.000E+00  0.000E+00  0.000E+00  0.000E+00  0.000E+00  0.256E+02
 2009  197   00  0.402E+03  0.945E+02  0.284E+00  0.394E-01  0.985E+00  0.480E-01  0.109E-01  0.216E-01  0.116E+01  0.916E+01  0.159E+02  0.000E+00  0.000E+00  0.000E+00  0.000E+00  0.000E+00  0.000E+00  0.000E+00  0.271E+02
 2009  198   00  0.142E+03  0.254E+02  0.110E+00  0.172E-01  0.133E+01  0.259E-01  0.485E-02  0.976E-02  0.336E-02  0.100E+00  0.162E+01  0.000E+00  0.000E+00  0.000E+00  0.000E+00  0.000E+00  0.000E+00  0.000E+00  0.276E+02
 2009  199   00  0.201E+03  0.378E+02  0.128E+00  0.199E-01  0.171E+01  0.273E-01  0.639E-02  0.705E-02  0.837E-03  0.595E+01  0.129E+03  0.000E+00  0.000E+00  0.000E+00  0.000E+00  0.000E+00  0.000E+00  0.000E+00  0.284E+02
 2009  200   00  0.164E+03  0.334E+02  0.286E+00  0.467E-01  0.175E+01  0.228E-01  0.446E-02  0.183E-02  0.976E-03  0.372E+01  0.241E+04  0.000E+00  0.000E+00  0.000E+00  0.000E+00  0.000E+00  0.000E+00  0.000E+00  0.253E+02
 2009  201   00  0.136E+03  0.225E+02  0.148E+00  0.245E-01  0.192E+01  0.289E-01  0.484E-02  0.369E-02  0.227E-03  0.220E+01  0.244E+03  0.000E+00  0.000E+00  0.000E+00  0.000E+00  0.000E+00  0.000E+00  0.000E+00  0.268E+02
 2009  202   00  0.156E+03  0.265E+02  0.920E-01  0.144E-01  0.225E+01  0.251E-01  0.567E-02  0.633E-02  0.622E-04  0.706E+01  0.187E+02  0.000E+00  0.000E+00  0.000E+00  0.000E+00  0.000E+00  0.000E+00  0.000E+00  0.270E+02
 2009  203   00  0.145E+03  0.181E+02  0.103E+00  0.155E-01  0.204E+01  0.314E-01  0.631E-02  0.745E-02  0.178E-04  0.704E+01  0.617E+01  0.000E+00  0.000E+00  0.000E+00  0.000E+00  0.000E+00  0.000E+00  0.000E+00  0.277E+02
 2009  204   00  0.142E+03  0.178E+02  0.950E-01  0.142E-01  0.223E+01  0.284E-01  0.713E-02  0.698E-02  0.551E-03  0.905E+01  0.449E+01  0.000E+00  0.000E+00  0.000E+00  0.000E+00  0.000E+00  0.000E+00  0.000E+00  0.268E+02
 2009  205   00  0.149E+03  0.179E+02  0.966E-01  0.144E-01  0.228E+01  0.297E-01  0.728E-02  0.692E-02  0.180E-03  0.718E+01  0.323E+01  0.000E+00  0.000E+00  0.000E+00  0.000E+00  0.000E+00  0.000E+00  0.000E+00  0.271E+02
 2009  206   00  0.163E+03  0.176E+02  0.115E+00  0.185E-01  0.188E+01  0.300E-01  0.679E-02  0.610E-02  0.175E-01  0.800E+01  0.990E+02  0.000E+00  0.000E+00  0.000E+00  0.000E+00  0.000E+00  0.000E+00  0.000E+00  0.258E+02
 2009  207   00  0.186E+03  0.315E+02  0.866E-01  0.150E-01  0.195E+01  0.246E-01  0.563E-02  0.668E-02  0.478E-01  0.872E+01  0.239E+02  0.000E+00  0.000E+00  0.000E+00  0.000E+00  0.000E+00  0.000E+00  0.000E+00  0.262E+02
 2009  208   00  0.154E+03  0.209E+02  0.853E-01  0.138E-01  0.195E+01  0.275E-01  0.653E-02  0.689E-02  0.122E-01  0.921E+01  0.607E+01  0.000E+00  0.000E+00  0.000E+00  0.000E+00  0.000E+00  0.000E+00  0.000E+00  0.268E+02
 2009  209   00  0.142E+03  0.179E+02  0.896E-01  0.134E-01  0.209E+01  0.311E-01  0.776E-02  0.668E-02  0.129E-02  0.794E+01  0.297E+01  0.000E+00  0.000E+00  0.000E+00  0.000E+00  0.000E+00  0.000E+00  0.000E+00  0.271E+02
 2009  210   00  0.131E+03  0.132E+02  0.948E-01  0.138E-01  0.199E+01  0.343E-01  0.868E-02  0.685E-02  0.248E-03  0.899E+01  0.256E+01  0.000E+00  0.000E+00  0.000E+00  0.000E+00  0.000E+00  0.000E+00  0.000E+00  0.272E+02
 2009  211   00  0.131E+03  0.137E+02  0.945E-01  0.136E-01  0.203E+01  0.357E-01  0.882E-02  0.666E-02  0.728E-04  0.843E+01  0.251E+01  0.000E+00  0.000E+00  0.000E+00  0.000E+00  0.000E+00  0.000E+00  0.000E+00  0.273E+02
 2009  212   00  0.123E+03  0.111E+02  0.983E-01  0.139E-01  0.197E+01  0.385E-01  0.967E-02  0.685E-02  0.312E-04  0.933E+01  0.252E+01  0.000E+00  0.000E+00  0.000E+00  0.000E+00  0.000E+00  0.000E+00  0.000E+00  0.277E+02
 2009  213   00  0.115E+03  0.113E+02  0.969E-01  0.136E-01  0.198E+01  0.392E-01  0.101E-01  0.679E-02  0.175E-04  0.854E+01  0.240E+01  0.000E+00  0.000E+00  0.000E+00  0.000E+00  0.000E+00  0.000E+00  0.000E+00  0.279E+02
 2009  214   00  0.111E+03  0.987E+01  0.991E-01  0.138E-01  0.187E+01  0.421E-01  0.101E-01  0.690E-02  0.901E-05  0.735E+01  0.244E+01  0.000E+00  0.000E+00  0.000E+00  0.000E+00  0.000E+00  0.000E+00  0.000E+00  0.287E+02
 2009  215   00  0.108E+03  0.123E+02  0.953E-01  0.135E-01  0.178E+01  0.416E-01  0.996E-02  0.725E-02  0.851E-03  0.552E+00  0.209E+01  0.000E+00  0.000E+00  0.000E+00  0.000E+00  0.000E+00  0.000E+00  0.000E+00  0.280E+02
 2009  216   00  0.105E+03  0.172E+02  0.891E-01  0.136E-01  0.182E+01  0.337E-01  0.846E-02  0.581E-02  0.160E-02  0.830E+01  0.444E+02  0.000E+00  0.000E+00  0.000E+00  0.000E+00  0.000E+00  0.000E+00  0.000E+00  0.264E+02
 2009  217   00  0.133E+03  0.172E+02  0.878E-01  0.136E-01  0.153E+01  0.324E-01  0.739E-02  0.525E-02  0.574E-02  0.822E+01  0.422E+02  0.000E+00  0.000E+00  0.000E+00  0.000E+00  0.000E+00  0.000E+00  0.000E+00  0.260E+02
 2009  218   00  0.174E+03  0.179E+02  0.871E-01  0.138E-01  0.135E+01  0.305E-01  0.762E-02  0.482E-02  0.559E-02  0.904E+01  0.584E+02  0.000E+00  0.000E+00  0.000E+00  0.000E+00  0.000E+00  0.000E+00  0.000E+00  0.272E+02
 2009  219   00  0.169E+03  0.177E+02  0.762E-01  0.113E-01  0.137E+01  0.317E-01  0.780E-02  0.508E-02  0.146E-02  0.665E+01  0.997E+01  0.000E+00  0.000E+00  0.000E+00  0.000E+00  0.000E+00  0.000E+00  0.000E+00  0.271E+02
 2009  220   00  0.161E+03  0.170E+02  0.117E+00  0.187E-01  0.128E+01  0.342E-01  0.874E-02  0.356E-02  0.102E-01  0.735E+01  0.218E+03  0.000E+00  0.000E+00  0.000E+00  0.000E+00  0.000E+00  0.000E+00  0.000E+00  0.275E+02
 2009  221   00  0.478E+03  0.767E+02  0.206E+00  0.356E-01  0.579E+00  0.207E-01  0.345E-02  0.141E-01  0.274E+01  0.809E+01  0.810E+02  0.000E+00  0.000E+00  0.000E+00  0.000E+00  0.000E+00  0.000E+00  0.000E+00  0.254E+02
 2009  222   00  0.711E+03  0.774E+02  0.164E+01  0.299E+00  0.332E+00  0.410E-01  0.559E-02  0.569E-03  0.134E+01  0.316E+01  0.193E+05  0.000E+00  0.000E+00  0.000E+00  0.000E+00  0.000E+00  0.000E+00  0.000E+00  0.246E+02
 2009  223   00  0.562E+03  0.806E+02  0.789E+00  0.136E+00  0.415E+00  0.516E-01  0.872E-02  0.150E-02  0.231E+01  0.715E+01  0.288E+04  0.000E+00  0.000E+00  0.000E+00  0.000E+00  0.000E+00  0.000E+00  0.000E+00  0.260E+02
 2009  224   00  0.644E+03  0.773E+02  0.760E+00  0.128E+00  0.509E+00  0.588E-01  0.996E-02  0.324E-02  0.294E+01  0.794E+01  0.208E+04  0.000E+00  0.000E+00  0.000E+00  0.000E+00  0.000E+00  0.000E+00  0.000E+00  0.245E+02
 2009  225   00  0.537E+03  0.862E+02  0.628E+00  0.106E+00  0.661E+00  0.588E-01  0.113E-01  0.244E-02  0.178E+01  0.820E+01  0.162E+04  0.000E+00  0.000E+00  0.000E+00  0.000E+00  0.000E+00  0.000E+00  0.000E+00  0.259E+02
 2009  226   00  0.231E+03  0.320E+02  0.242E+00  0.421E-01  0.107E+01  0.354E-01  0.704E-02  0.734E-02  0.200E+00  0.937E+01  0.236E+03  0.000E+00  0.000E+00  0.000E+00  0.000E+00  0.000E+00  0.000E+00  0.000E+00  0.269E+02
 2009  227   00  0.281E+03  0.351E+02  0.188E+00  0.333E-01  0.117E+01  0.321E-01  0.623E-02  0.815E-02  0.794E-01  0.725E+01  0.881E+02  0.000E+00  0.000E+00  0.000E+00  0.000E+00  0.000E+00  0.000E+00  0.000E+00  0.269E+02
 2009  228   00  0.285E+03  0.404E+02  0.163E+00  0.300E-01  0.126E+01  0.252E-01  0.472E-02  0.665E-02  0.679E-01  0.886E+01  0.132E+03  0.000E+00  0.000E+00  0.000E+00  0.000E+00  0.000E+00  0.000E+00  0.000E+00  0.265E+02
 2009  229   00  0.237E+03  0.289E+02  0.141E+00  0.261E-01  0.128E+01  0.249E-01  0.441E-02  0.752E-02  0.283E-01  0.696E+01  0.396E+02  0.000E+00  0.000E+00  0.000E+00  0.000E+00  0.000E+00  0.000E+00  0.000E+00  0.263E+02
 2009  230   00  0.244E+03  0.330E+02  0.120E+00  0.220E-01  0.148E+01  0.222E-01  0.474E-02  0.716E-02  0.251E-01  0.773E+01  0.183E+02  0.000E+00  0.000E+00  0.000E+00  0.000E+00  0.000E+00  0.000E+00  0.000E+00  0.267E+02
 2009  231   00  0.191E+03  0.231E+02  0.152E+00  0.282E-01  0.147E+01  0.270E-01  0.455E-02  0.706E-02  0.836E-02  0.659E+01  0.523E+02  0.000E+00  0.000E+00  0.000E+00  0.000E+00  0.000E+00  0.000E+00  0.000E+00  0.275E+02
 2009  232   00  0.217E+03  0.279E+02  0.185E+00  0.343E-01  0.149E+01  0.266E-01  0.520E-02  0.402E-02  0.244E-01  0.961E+01  0.282E+03  0.000E+00  0.000E+00  0.000E+00  0.000E+00  0.000E+00  0.000E+00  0.000E+00  0.267E+02
 2009  233   00  0.213E+03  0.283E+02  0.130E+00  0.242E-01  0.157E+01  0.248E-01  0.456E-02  0.634E-02  0.120E-01  0.687E+01  0.545E+02  0.000E+00  0.000E+00  0.000E+00  0.000E+00  0.000E+00  0.000E+00  0.000E+00  0.261E+02
 2009  234   00  0.206E+03  0.239E+02  0.118E+00  0.219E-01  0.159E+01  0.248E-01  0.545E-02  0.710E-02  0.393E-02  0.667E+01  0.171E+02  0.000E+00  0.000E+00  0.000E+00  0.000E+00  0.000E+00  0.000E+00  0.000E+00  0.276E+02
 2009  235   00  0.200E+03  0.258E+02  0.105E+00  0.197E-01  0.166E+01  0.231E-01  0.558E-02  0.713E-02  0.547E-02  0.766E+01  0.720E+01  0.000E+00  0.000E+00  0.000E+00  0.000E+00  0.000E+00  0.000E+00  0.000E+00  0.270E+02
 2009  236   00  0.183E+03  0.219E+02  0.983E-01  0.184E-01  0.170E+01  0.231E-01  0.531E-02  0.667E-02  0.163E-02  0.960E+01  0.429E+01  0.000E+00  0.000E+00  0.000E+00  0.000E+00  0.000E+00  0.000E+00  0.000E+00  0.273E+02
 2009  237   00  0.180E+03  0.238E+02  0.915E-01  0.171E-01  0.179E+01  0.222E-01  0.522E-02  0.611E-02  0.419E-03  0.795E+01  0.320E+01  0.000E+00  0.000E+00  0.000E+00  0.000E+00  0.000E+00  0.000E+00  0.000E+00  0.273E+02
 2009  238   00  0.163E+03  0.167E+02  0.101E+00  0.187E-01  0.159E+01  0.255E-01  0.611E-02  0.649E-02  0.321E-04  0.805E+01  0.338E+01  0.000E+00  0.000E+00  0.000E+00  0.000E+00  0.000E+00  0.000E+00  0.000E+00  0.275E+02
 2009  239   00  0.172E+03  0.209E+02  0.101E+00  0.187E-01  0.164E+01  0.265E-01  0.603E-02  0.656E-02  0.207E-02  0.844E+01  0.650E+01  0.000E+00  0.000E+00  0.000E+00  0.000E+00  0.000E+00  0.000E+00  0.000E+00  0.280E+02
 2009  240   00  0.190E+03  0.271E+02  0.124E+00  0.226E-01  0.127E+01  0.275E-01  0.511E-02  0.758E-02  0.132E+00  0.729E+01  0.314E+02  0.000E+00  0.000E+00  0.000E+00  0.000E+00  0.000E+00  0.000E+00  0.000E+00  0.281E+02
 2009  241   00  0.232E+03  0.305E+02  0.986E-01  0.182E-01  0.129E+01  0.234E-01  0.505E-02  0.714E-02  0.588E-01  0.941E+01  0.112E+02  0.000E+00  0.000E+00  0.000E+00  0.000E+00  0.000E+00  0.000E+00  0.000E+00  0.266E+02
 2009  242   00  0.216E+03  0.268E+02  0.152E+00  0.277E-01  0.113E+01  0.308E-01  0.731E-02  0.676E-02  0.599E-01  0.700E+01  0.537E+02  0.000E+00  0.000E+00  0.000E+00  0.000E+00  0.000E+00  0.000E+00  0.000E+00  0.274E+02
 2009  243   00  0.221E+03  0.298E+02  0.169E+00  0.317E-01  0.122E+01  0.323E-01  0.608E-02  0.631E-02  0.368E-01  0.666E+01  0.893E+02  0.000E+00  0.000E+00  0.000E+00  0.000E+00  0.000E+00  0.000E+00  0.000E+00  0.262E+02
 2009  244   00  0.200E+03  0.308E+02  0.120E+00  0.227E-01  0.139E+01  0.276E-01  0.610E-02  0.612E-02  0.112E-01  0.900E+01  0.324E+02  0.000E+00  0.000E+00  0.000E+00  0.000E+00  0.000E+00  0.000E+00  0.000E+00  0.264E+02
 2009  245   00  0.153E+03  0.195E+02  0.918E-01  0.176E-01  0.139E+01  0.267E-01  0.614E-02  0.584E-02  0.938E-03  0.892E+01  0.479E+01  0.000E+00  0.000E+00  0.000E+00  0.000E+00  0.000E+00  0.000E+00  0.000E+00  0.260E+02
 2009  246   00  0.171E+03  0.198E+02  0.859E-01  0.165E-01  0.143E+01  0.271E-01  0.593E-02  0.547E-02  0.166E-03  0.815E+01  0.330E+01  0.000E+00  0.000E+00  0.000E+00  0.000E+00  0.000E+00  0.000E+00  0.000E+00  0.264E+02
 2009  247   00  0.174E+03  0.168E+02  0.884E-01  0.169E-01  0.139E+01  0.295E-01  0.623E-02  0.544E-02  0.226E-04  0.747E+01  0.318E+01  0.000E+00  0.000E+00  0.000E+00  0.000E+00  0.000E+00  0.000E+00  0.000E+00  0.266E+02
 2009  248   00  0.163E+03  0.153E+02  0.860E-01  0.163E-01  0.137E+01  0.310E-01  0.634E-02  0.525E-02  0.252E-05  0.803E+01  0.304E+01  0.000E+00  0.000E+00  0.000E+00  0.000E+00  0.000E+00  0.000E+00  0.000E+00  0.263E+02
 2009  249   00  0.149E+03  0.157E+02  0.807E-01  0.151E-01  0.136E+01  0.319E-01  0.663E-02  0.504E-02  0.000E+00  0.823E+01  0.274E+01  0.000E+00  0.000E+00  0.000E+00  0.000E+00  0.000E+00  0.000E+00  0.000E+00  0.263E+02
 2009  250   00  0.145E+03  0.145E+02  0.772E-01  0.141E-01  0.131E+01  0.346E-01  0.725E-02  0.476E-02  0.000E+00  0.803E+01  0.267E+01  0.000E+00  0.000E+00  0.000E+00  0.000E+00  0.000E+00  0.000E+00  0.000E+00  0.266E+02
 2009  251   00  0.125E+03  0.151E+02  0.245E-01  0.459E-02  0.948E+00  0.118E-01  0.297E-02  0.226E-02  0.120E-03  0.939E+01  0.635E+00  0.000E+00  0.000E+00  0.000E+00  0.000E+00  0.000E+00  0.000E+00  0.000E+00  0.268E+02
 2009  252   00  0.518E+02  0.268E+02  0.574E-02  0.158E-02  0.153E+01  0.461E-02  0.133E-02  0.192E-02  0.590E-04  0.812E+01  0.113E-01  0.000E+00  0.000E+00  0.000E+00  0.000E+00  0.000E+00  0.000E+00  0.000E+00  0.260E+02
 2009  253   00  0.428E+02  0.306E+02  0.300E-02  0.128E-02  0.179E+01  0.382E-02  0.919E-03  0.186E-02  0.169E-04  0.825E+01  0.216E-03  0.000E+00  0.000E+00  0.000E+00  0.000E+00  0.000E+00  0.000E+00  0.000E+00  0.247E+02
 2009  254   00  0.423E+02  0.265E+02  0.247E-02  0.112E-02  0.162E+01  0.363E-02  0.101E-02  0.181E-02  0.226E-05  0.808E+01  0.000E+00  0.000E+00  0.000E+00  0.000E+00  0.000E+00  0.000E+00  0.000E+00  0.000E+00  0.260E+02
 2009  255   00  0.386E+02  0.288E+02  0.964E-02  0.254E-02  0.166E+01  0.473E-02  0.157E-02  0.254E-02  0.423E-03  0.905E+01  0.000E+00  0.000E+00  0.000E+00  0.000E+00  0.000E+00  0.000E+00  0.000E+00  0.000E+00  0.278E+02
 2009  256   00  0.367E+02  0.266E+02  0.489E-02  0.162E-02  0.157E+01  0.436E-02  0.144E-02  0.240E-02  0.319E-04  0.204E+01  0.000E+00  0.000E+00  0.000E+00  0.000E+00  0.000E+00  0.000E+00  0.000E+00  0.000E+00  0.272E+02
 2009  257   00  0.403E+02  0.291E+02  0.297E-01  0.580E-02  0.160E+01  0.105E-01  0.289E-02  0.480E-02  0.243E-02  0.415E+01  0.182E+00  0.000E+00  0.000E+00  0.000E+00  0.000E+00  0.000E+00  0.000E+00  0.000E+00  0.266E+02
 2009  258   00  0.502E+02  0.304E+02  0.597E-01  0.115E-01  0.157E+01  0.131E-01  0.333E-02  0.510E-02  0.541E-02  0.848E+01  0.337E+02  0.000E+00  0.000E+00  0.000E+00  0.000E+00  0.000E+00  0.000E+00  0.000E+00  0.266E+02
 2009  259   00  0.441E+02  0.287E+02  0.266E-01  0.534E-02  0.134E+01  0.963E-02  0.297E-02  0.527E-02  0.915E-03  0.878E+01  0.636E+00  0.000E+00  0.000E+00  0.000E+00  0.000E+00  0.000E+00  0.000E+00  0.000E+00  0.269E+02
 2009  260   00  0.360E+02  0.251E+02  0.143E-01  0.323E-02  0.111E+01  0.729E-02  0.241E-02  0.425E-02  0.447E-03  0.300E-02  0.180E+00  0.000E+00  0.000E+00  0.000E+00  0.000E+00  0.000E+00  0.000E+00  0.000E+00  0.282E+02
 2009  261   00  0.651E+02  0.327E+02  0.218E+00  0.287E-01  0.691E+00  0.629E-01  0.146E-01  0.196E-01  0.285E+00  0.116E+01  0.434E+02  0.000E+00  0.000E+00  0.000E+00  0.000E+00  0.000E+00  0.000E+00  0.000E+00  0.276E+02
 2009  262   00  0.117E+03  0.438E+02  0.487E+00  0.719E-01  0.494E+00  0.874E-01  0.186E-01  0.125E-01  0.501E+00  0.802E+01  0.117E+03  0.000E+00  0.000E+00  0.000E+00  0.000E+00  0.000E+00  0.000E+00  0.000E+00  0.250E+02
 2009  263   00  0.106E+03  0.508E+02  0.377E+00  0.547E-01  0.597E+00  0.828E-01  0.163E-01  0.131E-01  0.252E+00  0.811E+01  0.605E+02  0.000E+00  0.000E+00  0.000E+00  0.000E+00  0.000E+00  0.000E+00  0.000E+00  0.245E+02
 2009  264   00  0.637E+02  0.328E+02  0.133E+00  0.197E-01  0.629E+00  0.372E-01  0.795E-02  0.106E-01  0.504E-01  0.820E+01  0.581E+01  0.000E+00  0.000E+00  0.000E+00  0.000E+00  0.000E+00  0.000E+00  0.000E+00  0.253E+02
 2009  265   00  0.889E+02  0.350E+02  0.119E+00  0.186E-01  0.642E+00  0.243E-01  0.692E-02  0.553E-02  0.349E-01  0.786E+01  0.366E+02  0.000E+00  0.000E+00  0.000E+00  0.000E+00  0.000E+00  0.000E+00  0.000E+00  0.256E+02
 2009  266   00  0.828E+02  0.419E+02  0.773E-01  0.120E-01  0.807E+00  0.192E-01  0.595E-02  0.550E-02  0.131E-01  0.767E+01  0.124E+02  0.000E+00  0.000E+00  0.000E+00  0.000E+00  0.000E+00  0.000E+00  0.000E+00  0.256E+02
 2009  267   00  0.477E+02  0.263E+02  0.200E-01  0.342E-02  0.827E+00  0.955E-02  0.211E-02  0.365E-02  0.775E-03  0.839E+01  0.856E-01  0.000E+00  0.000E+00  0.000E+00  0.000E+00  0.000E+00  0.000E+00  0.000E+00  0.256E+02
 2009  268   00  0.531E+02  0.296E+02  0.124E-01  0.250E-02  0.911E+00  0.631E-02  0.201E-02  0.316E-02  0.270E-03  0.855E+01  0.839E-01  0.000E+00  0.000E+00  0.000E+00  0.000E+00  0.000E+00  0.000E+00  0.000E+00  0.248E+02
 2009  269   00  0.430E+02  0.273E+02  0.689E-02  0.174E-02  0.946E+00  0.516E-02  0.164E-02  0.286E-02  0.605E-04  0.836E+01  0.135E-02  0.000E+00  0.000E+00  0.000E+00  0.000E+00  0.000E+00  0.000E+00  0.000E+00  0.252E+02
 2009  270   00  0.397E+02  0.253E+02  0.476E-02  0.153E-02  0.961E+00  0.487E-02  0.118E-02  0.263E-02  0.305E-04  0.910E+01  0.000E+00  0.000E+00  0.000E+00  0.000E+00  0.000E+00  0.000E+00  0.000E+00  0.000E+00  0.249E+02
 2009  271   00  0.390E+02  0.267E+02  0.652E-01  0.115E-01  0.107E+01  0.174E-01  0.380E-02  0.479E-02  0.470E-04  0.227E+01  0.000E+00  0.000E+00  0.000E+00  0.000E+00  0.000E+00  0.000E+00  0.000E+00  0.000E+00  0.257E+02
 2009  272   00  0.414E+02  0.261E+02  0.683E-01  0.127E-01  0.118E+01  0.149E-01  0.326E-02  0.458E-02  0.232E-02  0.742E+01  0.535E+02  0.000E+00  0.000E+00  0.000E+00  0.000E+00  0.000E+00  0.000E+00  0.000E+00  0.238E+02
 2009  273   00  0.492E+02  0.272E+02  0.538E-01  0.107E-01  0.110E+01  0.102E-01  0.203E-02  0.339E-02  0.181E-01  0.668E+01  0.905E+02  0.000E+00  0.000E+00  0.000E+00  0.000E+00  0.000E+00  0.000E+00  0.000E+00  0.249E+02
 2009  274   00  0.422E+02  0.242E+02  0.173E-01  0.410E-02  0.108E+01  0.579E-02  0.171E-02  0.404E-02  0.622E-02  0.240E+01  0.116E+02  0.000E+00  0.000E+00  0.000E+00  0.000E+00  0.000E+00  0.000E+00  0.000E+00  0.250E+02
 2009  275   00  0.322E+02  0.265E+02  0.853E-02  0.243E-02  0.123E+01  0.642E-02  0.145E-02  0.376E-02  0.156E-02  0.361E+01  0.494E+00  0.000E+00  0.000E+00  0.000E+00  0.000E+00  0.000E+00  0.000E+00  0.000E+00  0.252E+02
 2009  276   00  0.296E+02  0.241E+02  0.666E-02  0.214E-02  0.117E+01  0.599E-02  0.132E-02  0.359E-02  0.127E-02  0.313E+00  0.480E+00  0.000E+00  0.000E+00  0.000E+00  0.000E+00  0.000E+00  0.000E+00  0.000E+00  0.243E+02
 2009  277   00  0.261E+02  0.247E+02  0.548E-02  0.201E-02  0.124E+01  0.617E-02  0.139E-02  0.359E-02  0.477E-03  0.942E+01  0.146E-01  0.000E+00  0.000E+00  0.000E+00  0.000E+00  0.000E+00  0.000E+00  0.000E+00  0.225E+02
 2009  278   00  0.248E+02  0.235E+02  0.519E-02  0.201E-02  0.125E+01  0.551E-02  0.153E-02  0.358E-02  0.422E-03  0.291E+00  0.298E-01  0.000E+00  0.000E+00  0.000E+00  0.000E+00  0.000E+00  0.000E+00  0.000E+00  0.229E+02
 2009  279   00  0.216E+02  0.232E+02  0.474E-02  0.187E-02  0.123E+01  0.724E-02  0.163E-02  0.394E-02  0.159E-03  0.156E+00  0.000E+00  0.000E+00  0.000E+00  0.000E+00  0.000E+00  0.000E+00  0.000E+00  0.000E+00  0.249E+02
 2009  280   00  0.205E+02  0.219E+02  0.475E-02  0.194E-02  0.121E+01  0.714E-02  0.161E-02  0.392E-02  0.161E-03  0.182E+00  0.000E+00  0.000E+00  0.000E+00  0.000E+00  0.000E+00  0.000E+00  0.000E+00  0.000E+00  0.231E+02
 2009  281   00  0.194E+02  0.216E+02  0.476E-02  0.204E-02  0.123E+01  0.729E-02  0.156E-02  0.394E-02  0.928E-04  0.634E+01  0.000E+00  0.000E+00  0.000E+00  0.000E+00  0.000E+00  0.000E+00  0.000E+00  0.000E+00  0.215E+02
 2009  282   00  0.184E+02  0.204E+02  0.470E-02  0.201E-02  0.120E+01  0.755E-02  0.171E-02  0.404E-02  0.848E-04  0.953E+01  0.000E+00  0.000E+00  0.000E+00  0.000E+00  0.000E+00  0.000E+00  0.000E+00  0.000E+00  0.218E+02
 2009  283   00  0.176E+02  0.200E+02  0.462E-02  0.201E-02  0.121E+01  0.775E-02  0.176E-02  0.413E-02  0.390E-04  0.733E+00  0.000E+00  0.000E+00  0.000E+00  0.000E+00  0.000E+00  0.000E+00  0.000E+00  0.000E+00  0.216E+02
 2009  284   00  0.182E+02  0.197E+02  0.194E-01  0.497E-02  0.135E+01  0.784E-02  0.235E-02  0.429E-02  0.453E-03  0.864E+01  0.217E+02  0.000E+00  0.000E+00  0.000E+00  0.000E+00  0.000E+00  0.000E+00  0.000E+00  0.209E+02
 2009  285   00  0.169E+02  0.191E+02  0.971E-02  0.292E-02  0.132E+01  0.902E-02  0.233E-02  0.480E-02  0.109E-03  0.866E+01  0.876E-03  0.000E+00  0.000E+00  0.000E+00  0.000E+00  0.000E+00  0.000E+00  0.000E+00  0.220E+02
 2009  286   00  0.155E+02  0.181E+02  0.773E-02  0.244E-02  0.124E+01  0.869E-02  0.272E-02  0.489E-02  0.834E-04  0.722E+01  0.000E+00  0.000E+00  0.000E+00  0.000E+00  0.000E+00  0.000E+00  0.000E+00  0.000E+00  0.232E+02
 2009  287   00  0.154E+02  0.180E+02  0.776E-02  0.244E-02  0.124E+01  0.990E-02  0.266E-02  0.527E-02  0.490E-04  0.103E+02  0.000E+00  0.000E+00  0.000E+00  0.000E+00  0.000E+00  0.000E+00  0.000E+00  0.000E+00  0.218E+02
 2009  288   00  0.152E+02  0.179E+02  0.674E-02  0.232E-02  0.126E+01  0.962E-02  0.263E-02  0.511E-02  0.476E-04  0.190E+01  0.000E+00  0.000E+00  0.000E+00  0.000E+00  0.000E+00  0.000E+00  0.000E+00  0.000E+00  0.217E+02
 2009  289   00  0.147E+02  0.172E+02  0.566E-02  0.208E-02  0.126E+01  0.101E-01  0.247E-02  0.505E-02  0.237E-04  0.698E+01  0.000E+00  0.000E+00  0.000E+00  0.000E+00  0.000E+00  0.000E+00  0.000E+00  0.000E+00  0.221E+02
 2009  290   00  0.140E+02  0.169E+02  0.533E-02  0.198E-02  0.123E+01  0.869E-02  0.342E-02  0.515E-02  0.192E-04  0.116E+02  0.000E+00  0.000E+00  0.000E+00  0.000E+00  0.000E+00  0.000E+00  0.000E+00  0.000E+00  0.233E+02
 2009  291   00  0.135E+02  0.162E+02  0.511E-02  0.203E-02  0.121E+01  0.903E-02  0.302E-02  0.508E-02  0.169E-04  0.622E+01  0.000E+00  0.000E+00  0.000E+00  0.000E+00  0.000E+00  0.000E+00  0.000E+00  0.000E+00  0.213E+02
 2009  292   00  0.130E+02  0.155E+02  0.490E-02  0.189E-02  0.117E+01  0.976E-02  0.319E-02  0.535E-02  0.133E-04  0.721E-01  0.000E+00  0.000E+00  0.000E+00  0.000E+00  0.000E+00  0.000E+00  0.000E+00  0.000E+00  0.227E+02
 2009  293   00  0.115E+02  0.136E+02  0.449E-02  0.171E-02  0.913E+00  0.113E-01  0.262E-02  0.530E-02  0.918E-05  0.284E+01  0.000E+00  0.000E+00  0.000E+00  0.000E+00  0.000E+00  0.000E+00  0.000E+00  0.000E+00  0.220E+02
 2009  294   00  0.112E+02  0.127E+02  0.442E-02  0.165E-02  0.809E+00  0.983E-02  0.330E-02  0.548E-02  0.928E-05  0.243E+00  0.000E+00  0.000E+00  0.000E+00  0.000E+00  0.000E+00  0.000E+00  0.000E+00  0.000E+00  0.222E+02
 2009  295   00  0.110E+02  0.125E+02  0.436E-02  0.164E-02  0.747E+00  0.102E-01  0.345E-02  0.575E-02  0.520E-05  0.338E+01  0.000E+00  0.000E+00  0.000E+00  0.000E+00  0.000E+00  0.000E+00  0.000E+00  0.000E+00  0.215E+02
 2009  296   00  0.105E+02  0.117E+02  0.415E-02  0.151E-02  0.654E+00  0.958E-02  0.342E-02  0.571E-02  0.557E-05  0.213E+01  0.000E+00  0.000E+00  0.000E+00  0.000E+00  0.000E+00  0.000E+00  0.000E+00  0.000E+00  0.220E+02
 2009  297   00  0.102E+02  0.113E+02  0.408E-02  0.150E-02  0.589E+00  0.116E-01  0.313E-02  0.582E-02  0.372E-05  0.394E+01  0.000E+00  0.000E+00  0.000E+00  0.000E+00  0.000E+00  0.000E+00  0.000E+00  0.000E+00  0.218E+02
 2009  298   00  0.999E+01  0.107E+02  0.392E-02  0.140E-02  0.542E+00  0.110E-01  0.386E-02  0.591E-02  0.346E-05  0.123E+02  0.000E+00  0.000E+00  0.000E+00  0.000E+00  0.000E+00  0.000E+00  0.000E+00  0.000E+00  0.218E+02
 2009  299   00  0.976E+01  0.105E+02  0.388E-02  0.139E-02  0.491E+00  0.114E-01  0.355E-02  0.591E-02  0.315E-05  0.128E+02  0.000E+00  0.000E+00  0.000E+00  0.000E+00  0.000E+00  0.000E+00  0.000E+00  0.000E+00  0.207E+02
 2009  300   00  0.969E+01  0.104E+02  0.394E-02  0.143E-02  0.460E+00  0.119E-01  0.342E-02  0.587E-02  0.336E-05  0.125E+02  0.000E+00  0.000E+00  0.000E+00  0.000E+00  0.000E+00  0.000E+00  0.000E+00  0.000E+00  0.203E+02
 2009  301   00  0.971E+01  0.103E+02  0.387E-02  0.138E-02  0.458E+00  0.119E-01  0.387E-02  0.616E-02  0.205E-05  0.276E+01  0.000E+00  0.000E+00  0.000E+00  0.000E+00  0.000E+00  0.000E+00  0.000E+00  0.000E+00  0.217E+02
 2009  302   00  0.950E+01  0.101E+02  0.372E-02  0.129E-02  0.444E+00  0.988E-02  0.386E-02  0.616E-02  0.187E-05  0.945E+01  0.000E+00  0.000E+00  0.000E+00  0.000E+00  0.000E+00  0.000E+00  0.000E+00  0.000E+00  0.220E+02
 2009  303   00  0.942E+01  0.100E+02  0.373E-02  0.131E-02  0.440E+00  0.126E-01  0.350E-02  0.616E-02  0.130E-05  0.442E+01  0.000E+00  0.000E+00  0.000E+00  0.000E+00  0.000E+00  0.000E+00  0.000E+00  0.000E+00  0.215E+02
 2009  304   00  0.922E+01  0.952E+01  0.350E-02  0.118E-02  0.416E+00  0.122E-01  0.409E-02  0.616E-02  0.119E-05  0.117E+02  0.000E+00  0.000E+00  0.000E+00  0.000E+00  0.000E+00  0.000E+00  0.000E+00  0.000E+00  0.224E+02
 2009  305   00  0.962E+01  0.890E+01  0.317E-02  0.104E-02  0.381E+00  0.117E-01  0.424E-02  0.589E-02  0.000E+00  0.865E+01  0.000E+00  0.000E+00  0.000E+00  0.000E+00  0.000E+00  0.000E+00  0.000E+00  0.000E+00  0.230E+02
 2009  306   00  0.105E+02  0.838E+01  0.318E-02  0.110E-02  0.350E+00  0.109E-01  0.358E-02  0.534E-02  0.112E-05  0.735E+01  0.000E+00  0.000E+00  0.000E+00  0.000E+00  0.000E+00  0.000E+00  0.000E+00  0.000E+00  0.205E+02
 2009  307   00  0.108E+02  0.825E+01  0.356E-02  0.136E-02  0.349E+00  0.998E-02  0.305E-02  0.506E-02  0.106E-05  0.599E+01  0.000E+00  0.000E+00  0.000E+00  0.000E+00  0.000E+00  0.000E+00  0.000E+00  0.000E+00  0.164E+02
 2009  308   00  0.103E+02  0.830E+01  0.356E-02  0.132E-02  0.364E+00  0.109E-01  0.348E-02  0.541E-02  0.000E+00  0.300E-02  0.000E+00  0.000E+00  0.000E+00  0.000E+00  0.000E+00  0.000E+00  0.000E+00  0.000E+00  0.195E+02
 2009  309   00  0.104E+02  0.821E+01  0.330E-02  0.117E-02  0.371E+00  0.992E-02  0.401E-02  0.553E-02  0.000E+00  0.730E+01  0.000E+00  0.000E+00  0.000E+00  0.000E+00  0.000E+00  0.000E+00  0.000E+00  0.000E+00  0.215E+02
 2009  310   00  0.103E+02  0.817E+01  0.312E-02  0.106E-02  0.379E+00  0.103E-01  0.402E-02  0.558E-02  0.000E+00  0.268E+01  0.000E+00  0.000E+00  0.000E+00  0.000E+00  0.000E+00  0.000E+00  0.000E+00  0.000E+00  0.218E+02
 2009  311   00  0.998E+01  0.773E+01  0.265E-02  0.823E-03  0.360E+00  0.981E-02  0.390E-02  0.551E-02  0.000E+00  0.255E+01  0.000E+00  0.000E+00  0.000E+00  0.000E+00  0.000E+00  0.000E+00  0.000E+00  0.000E+00  0.230E+02
 2009  312   00  0.100E+02  0.764E+01  0.271E-02  0.809E-03  0.353E+00  0.123E-01  0.398E-02  0.589E-02  0.000E+00  0.320E+01  0.000E+00  0.000E+00  0.000E+00  0.000E+00  0.000E+00  0.000E+00  0.000E+00  0.000E+00  0.227E+02
 2009  313   00  0.170E+02  0.178E+02  0.823E-01  0.169E-01  0.197E+01  0.236E-01  0.673E-02  0.107E-01  0.188E-01  0.358E+01  0.211E+02  0.000E+00  0.000E+00  0.000E+00  0.000E+00  0.000E+00  0.000E+00  0.000E+00  0.226E+02
 2009  314   00  0.209E+02  0.148E+02  0.431E-01  0.831E-02  0.145E+01  0.208E-01  0.715E-02  0.119E-01  0.192E-02  0.854E+01  0.389E+00  0.000E+00  0.000E+00  0.000E+00  0.000E+00  0.000E+00  0.000E+00  0.000E+00  0.226E+02
 2009  315   00  0.241E+02  0.191E+02  0.902E-01  0.185E-01  0.125E+01  0.209E-01  0.553E-02  0.104E-01  0.199E-01  0.928E+01  0.505E+02  0.000E+00  0.000E+00  0.000E+00  0.000E+00  0.000E+00  0.000E+00  0.000E+00  0.195E+02
 2009  316   00  0.802E+02  0.538E+02  0.960E-01  0.281E-01  0.697E+00  0.140E-01  0.242E-02  0.163E-01  0.409E+00  0.956E+01  0.529E+02  0.000E+00  0.000E+00  0.000E+00  0.000E+00  0.000E+00  0.000E+00  0.000E+00  0.181E+02
 2009  317   00  0.112E+03  0.455E+02  0.115E+01  0.227E+00  0.274E+00  0.448E-01  0.309E-02  0.323E-02  0.315E+00  0.999E+01  0.361E+04  0.000E+00  0.000E+00  0.000E+00  0.000E+00  0.000E+00  0.000E+00  0.000E+00  0.175E+02
 2009  318   00  0.618E+02  0.340E+02  0.633E+00  0.121E+00  0.417E+00  0.468E-01  0.326E-02  0.496E-02  0.947E-01  0.884E+01  0.502E+03  0.000E+00  0.000E+00  0.000E+00  0.000E+00  0.000E+00  0.000E+00  0.000E+00  0.161E+02
 2009  319   00  0.359E+02  0.275E+02  0.233E+00  0.453E-01  0.685E+00  0.329E-01  0.351E-02  0.727E-02  0.257E-01  0.982E+01  0.145E+02  0.000E+00  0.000E+00  0.000E+00  0.000E+00  0.000E+00  0.000E+00  0.000E+00  0.165E+02
 2009  320   00  0.513E+02  0.335E+02  0.136E+00  0.280E-01  0.745E+00  0.263E-01  0.336E-02  0.780E-02  0.107E+00  0.894E+01  0.808E+02  0.000E+00  0.000E+00  0.000E+00  0.000E+00  0.000E+00  0.000E+00  0.000E+00  0.164E+02
 2009  321   00  0.703E+02  0.294E+02  0.894E-01  0.181E-01  0.695E+00  0.268E-01  0.358E-02  0.398E-02  0.505E-01  0.921E+01  0.480E+03  0.000E+00  0.000E+00  0.000E+00  0.000E+00  0.000E+00  0.000E+00  0.000E+00  0.141E+02
 2009  322   00  0.584E+02  0.245E+02  0.334E-01  0.854E-02  0.599E+00  0.118E-01  0.159E-02  0.455E-02  0.186E-01  0.120E+02  0.356E+02  0.000E+00  0.000E+00  0.000E+00  0.000E+00  0.000E+00  0.000E+00  0.000E+00  0.124E+02
 2009  323   00  0.384E+02  0.211E+02  0.175E-01  0.524E-02  0.640E+00  0.501E-02  0.588E-03  0.434E-02  0.764E-02  0.102E+02  0.313E+01  0.000E+00  0.000E+00  0.000E+00  0.000E+00  0.000E+00  0.000E+00  0.000E+00  0.144E+02
 2009  324   00  0.352E+02  0.236E+02  0.108E-01  0.373E-02  0.673E+00  0.419E-02  0.568E-03  0.421E-02  0.338E-02  0.987E+01  0.164E+00  0.000E+00  0.000E+00  0.000E+00  0.000E+00  0.000E+00  0.000E+00  0.000E+00  0.160E+02
 2009  325   00  0.290E+02  0.192E+02  0.909E-02  0.321E-02  0.647E+00  0.378E-02  0.516E-03  0.404E-02  0.300E-02  0.103E+02  0.816E-03  0.000E+00  0.000E+00  0.000E+00  0.000E+00  0.000E+00  0.000E+00  0.000E+00  0.144E+02
 2009  326   00  0.269E+02  0.206E+02  0.773E-02  0.297E-02  0.674E+00  0.423E-02  0.775E-03  0.420E-02  0.166E-02  0.105E+02  0.000E+00  0.000E+00  0.000E+00  0.000E+00  0.000E+00  0.000E+00  0.000E+00  0.000E+00  0.162E+02
 2009  327   00  0.236E+02  0.178E+02  0.735E-02  0.275E-02  0.646E+00  0.487E-02  0.694E-03  0.434E-02  0.146E-02  0.248E+01  0.000E+00  0.000E+00  0.000E+00  0.000E+00  0.000E+00  0.000E+00  0.000E+00  0.000E+00  0.169E+02
 2009  328   00  0.217E+02  0.182E+02  0.649E-02  0.245E-02  0.659E+00  0.671E-02  0.892E-03  0.479E-02  0.726E-03  0.550E+00  0.000E+00  0.000E+00  0.000E+00  0.000E+00  0.000E+00  0.000E+00  0.000E+00  0.000E+00  0.208E+02
 2009  329   00  0.195E+02  0.164E+02  0.644E-02  0.240E-02  0.623E+00  0.580E-02  0.141E-02  0.490E-02  0.774E-03  0.448E+01  0.000E+00  0.000E+00  0.000E+00  0.000E+00  0.000E+00  0.000E+00  0.000E+00  0.000E+00  0.191E+02
 2009  330   00  0.178E+02  0.157E+02  0.589E-02  0.223E-02  0.604E+00  0.674E-02  0.162E-02  0.507E-02  0.439E-03  0.109E+02  0.000E+00  0.000E+00  0.000E+00  0.000E+00  0.000E+00  0.000E+00  0.000E+00  0.000E+00  0.197E+02
 2009  331   00  0.165E+02  0.145E+02  0.577E-02  0.213E-02  0.586E+00  0.760E-02  0.162E-02  0.526E-02  0.418E-03  0.879E+01  0.000E+00  0.000E+00  0.000E+00  0.000E+00  0.000E+00  0.000E+00  0.000E+00  0.000E+00  0.204E+02
 2009  332   00  0.155E+02  0.135E+02  0.554E-02  0.214E-02  0.570E+00  0.813E-02  0.127E-02  0.519E-02  0.323E-03  0.982E+01  0.000E+00  0.000E+00  0.000E+00  0.000E+00  0.000E+00  0.000E+00  0.000E+00  0.000E+00  0.181E+02
 2009  333   00  0.148E+02  0.133E+02  0.571E-02  0.223E-02  0.567E+00  0.827E-02  0.143E-02  0.529E-02  0.328E-03  0.489E+01  0.000E+00  0.000E+00  0.000E+00  0.000E+00  0.000E+00  0.000E+00  0.000E+00  0.000E+00  0.179E+02
 2009  334   00  0.139E+02  0.121E+02  0.527E-02  0.205E-02  0.551E+00  0.844E-02  0.175E-02  0.535E-02  0.209E-03  0.118E+02  0.000E+00  0.000E+00  0.000E+00  0.000E+00  0.000E+00  0.000E+00  0.000E+00  0.000E+00  0.179E+02
 2009  335   00  0.990E+01  0.153E+02  0.743E-02  0.300E-02  0.737E+00  0.111E-01  0.207E-02  0.710E-02  0.229E-03  0.453E-02  0.000E+00  0.000E+00  0.000E+00  0.000E+00  0.000E+00  0.000E+00  0.000E+00  0.000E+00  0.157E+02
 2009  336   00  0.882E+01  0.152E+02  0.760E-02  0.306E-02  0.769E+00  0.122E-01  0.266E-02  0.789E-02  0.140E-03  0.809E+01  0.000E+00  0.000E+00  0.000E+00  0.000E+00  0.000E+00  0.000E+00  0.000E+00  0.000E+00  0.167E+02
 2009  337   00  0.891E+01  0.143E+02  0.733E-02  0.292E-02  0.731E+00  0.113E-01  0.303E-02  0.780E-02  0.126E-03  0.136E+02  0.000E+00  0.000E+00  0.000E+00  0.000E+00  0.000E+00  0.000E+00  0.000E+00  0.000E+00  0.171E+02
 2009  338   00  0.831E+01  0.146E+02  0.792E-02  0.335E-02  0.745E+00  0.116E-01  0.278E-02  0.786E-02  0.117E-03  0.116E+02  0.000E+00  0.000E+00  0.000E+00  0.000E+00  0.000E+00  0.000E+00  0.000E+00  0.000E+00  0.143E+02
 2009  339   00  0.808E+01  0.137E+02  0.754E-02  0.310E-02  0.701E+00  0.126E-01  0.254E-02  0.787E-02  0.106E-03  0.124E+02  0.000E+00  0.000E+00  0.000E+00  0.000E+00  0.000E+00  0.000E+00  0.000E+00  0.000E+00  0.151E+02
 2009  340   00  0.768E+01  0.132E+02  0.762E-02  0.317E-02  0.701E+00  0.138E-01  0.235E-02  0.814E-02  0.763E-04  0.128E+02  0.000E+00  0.000E+00  0.000E+00  0.000E+00  0.000E+00  0.000E+00  0.000E+00  0.000E+00  0.144E+02
 2009  341   00  0.769E+01  0.130E+02  0.769E-02  0.307E-02  0.706E+00  0.116E-01  0.342E-02  0.848E-02  0.691E-04  0.627E+01  0.000E+00  0.000E+00  0.000E+00  0.000E+00  0.000E+00  0.000E+00  0.000E+00  0.000E+00  0.159E+02
 2009  342   00  0.209E+02  0.312E+02  0.791E-01  0.209E-01  0.916E+00  0.168E-01  0.295E-02  0.134E-01  0.828E-01  0.230E+01  0.417E+02  0.000E+00  0.000E+00  0.000E+00  0.000E+00  0.000E+00  0.000E+00  0.000E+00  0.160E+02
 2009  343   00  0.380E+02  0.339E+02  0.214E+00  0.432E-01  0.655E+00  0.287E-01  0.372E-02  0.661E-02  0.522E-01  0.949E+01  0.385E+02  0.000E+00  0.000E+00  0.000E+00  0.000E+00  0.000E+00  0.000E+00  0.000E+00  0.172E+02
 2009  344   00  0.377E+02  0.328E+02  0.145E+00  0.286E-01  0.676E+00  0.235E-01  0.352E-02  0.662E-02  0.247E-01  0.918E+01  0.570E+02  0.000E+00  0.000E+00  0.000E+00  0.000E+00  0.000E+00  0.000E+00  0.000E+00  0.183E+02
 2009  345   00  0.334E+02  0.280E+02  0.633E-01  0.128E-01  0.681E+00  0.147E-01  0.236E-02  0.617E-02  0.705E-02  0.942E+01  0.309E+01  0.000E+00  0.000E+00  0.000E+00  0.000E+00  0.000E+00  0.000E+00  0.000E+00  0.196E+02
 2009  346   00  0.274E+02  0.266E+02  0.308E-01  0.673E-02  0.692E+00  0.103E-01  0.195E-02  0.546E-02  0.186E-02  0.895E+01  0.150E+00  0.000E+00  0.000E+00  0.000E+00  0.000E+00  0.000E+00  0.000E+00  0.000E+00  0.196E+02
 2009  347   00  0.212E+02  0.245E+02  0.210E-01  0.497E-02  0.743E+00  0.942E-02  0.173E-02  0.550E-02  0.823E-03  0.789E+01  0.256E-01  0.000E+00  0.000E+00  0.000E+00  0.000E+00  0.000E+00  0.000E+00  0.000E+00  0.203E+02
 2009  348   00  0.198E+02  0.244E+02  0.149E-01  0.412E-02  0.742E+00  0.841E-02  0.137E-02  0.513E-02  0.689E-03  0.114E+02  0.173E-02  0.000E+00  0.000E+00  0.000E+00  0.000E+00  0.000E+00  0.000E+00  0.000E+00  0.178E+02
 2009  349   00  0.238E+02  0.249E+02  0.118E+00  0.245E-01  0.713E+00  0.267E-01  0.458E-02  0.117E-01  0.207E-01  0.100E+02  0.387E+02  0.000E+00  0.000E+00  0.000E+00  0.000E+00  0.000E+00  0.000E+00  0.000E+00  0.176E+02
 2009  350   00  0.273E+02  0.239E+02  0.686E-01  0.146E-01  0.710E+00  0.200E-01  0.311E-02  0.975E-02  0.663E-02  0.103E+02  0.114E+01  0.000E+00  0.000E+00  0.000E+00  0.000E+00  0.000E+00  0.000E+00  0.000E+00  0.145E+02
 2009  351   00  0.208E+02  0.218E+02  0.260E+00  0.521E-01  0.630E+00  0.198E-01  0.270E-02  0.310E-02  0.235E-01  0.111E+02  0.218E+04  0.000E+00  0.000E+00  0.000E+00  0.000E+00  0.000E+00  0.000E+00  0.000E+00  0.123E+02
 2009  352   00  0.187E+02  0.213E+02  0.635E-01  0.138E-01  0.741E+00  0.138E-01  0.213E-02  0.623E-02  0.572E-02  0.121E+02  0.919E+01  0.000E+00  0.000E+00  0.000E+00  0.000E+00  0.000E+00  0.000E+00  0.000E+00  0.119E+02
 2009  353   00  0.169E+02  0.213E+02  0.375E-01  0.883E-02  0.754E+00  0.114E-01  0.159E-02  0.600E-02  0.201E-02  0.125E+02  0.802E-01  0.000E+00  0.000E+00  0.000E+00  0.000E+00  0.000E+00  0.000E+00  0.000E+00  0.126E+02
 2009  354   00  0.141E+02  0.196E+02  0.260E-01  0.689E-02  0.800E+00  0.983E-02  0.142E-02  0.586E-02  0.938E-03  0.115E+02  0.209E-03  0.000E+00  0.000E+00  0.000E+00  0.000E+00  0.000E+00  0.000E+00  0.000E+00  0.124E+02
 2009  355   00  0.131E+02  0.197E+02  0.196E-01  0.579E-02  0.823E+00  0.971E-02  0.137E-02  0.603E-02  0.734E-03  0.128E+02  0.714E-04  0.000E+00  0.000E+00  0.000E+00  0.000E+00  0.000E+00  0.000E+00  0.000E+00  0.120E+02
 2009  356   00  0.116E+02  0.183E+02  0.171E-01  0.535E-02  0.854E+00  0.903E-02  0.173E-02  0.627E-02  0.583E-03  0.119E+02  0.000E+00  0.000E+00  0.000E+00  0.000E+00  0.000E+00  0.000E+00  0.000E+00  0.000E+00  0.127E+02
 2009  357   00  0.106E+02  0.176E+02  0.140E-01  0.461E-02  0.862E+00  0.106E-01  0.181E-02  0.672E-02  0.392E-03  0.529E+01  0.000E+00  0.000E+00  0.000E+00  0.000E+00  0.000E+00  0.000E+00  0.000E+00  0.000E+00  0.149E+02
 2009  358   00  0.989E+01  0.164E+02  0.123E-01  0.401E-02  0.874E+00  0.109E-01  0.245E-02  0.734E-02  0.244E-03  0.499E+01  0.000E+00  0.000E+00  0.000E+00  0.000E+00  0.000E+00  0.000E+00  0.000E+00  0.000E+00  0.165E+02
 2009  359   00  0.931E+01  0.162E+02  0.115E-01  0.381E-02  0.883E+00  0.113E-01  0.280E-02  0.765E-02  0.169E-03  0.824E+01  0.000E+00  0.000E+00  0.000E+00  0.000E+00  0.000E+00  0.000E+00  0.000E+00  0.000E+00  0.174E+02
 2009  360   00  0.949E+01  0.164E+02  0.256E-01  0.676E-02  0.950E+00  0.144E-01  0.277E-02  0.853E-02  0.192E-03  0.126E+02  0.000E+00  0.000E+00  0.000E+00  0.000E+00  0.000E+00  0.000E+00  0.000E+00  0.000E+00  0.158E+02
 2009  361   00  0.147E+02  0.221E+02  0.782E-01  0.177E-01  0.105E+01  0.174E-01  0.271E-02  0.855E-02  0.133E-01  0.619E+01  0.405E+02  0.000E+00  0.000E+00  0.000E+00  0.000E+00  0.000E+00  0.000E+00  0.000E+00  0.129E+02
 2009  362   00  0.189E+02  0.237E+02  0.390E-01  0.101E-01  0.107E+01  0.133E-01  0.202E-02  0.818E-02  0.544E-02  0.118E+02  0.111E+01  0.000E+00  0.000E+00  0.000E+00  0.000E+00  0.000E+00  0.000E+00  0.000E+00  0.119E+02
 2009  363   00  0.425E+02  0.373E+02  0.794E-01  0.223E-01  0.833E+00  0.110E-01  0.116E-02  0.112E-01  0.367E+00  0.108E+02  0.415E+02  0.000E+00  0.000E+00  0.000E+00  0.000E+00  0.000E+00  0.000E+00  0.000E+00  0.116E+02
 2009  364   00  0.704E+02  0.372E+02  0.563E-01  0.158E-01  0.875E+00  0.105E-01  0.137E-02  0.995E-02  0.153E+00  0.883E+01  0.537E+01  0.000E+00  0.000E+00  0.000E+00  0.000E+00  0.000E+00  0.000E+00  0.000E+00  0.155E+02
 2009  365   00  0.494E+02  0.340E+02  0.301E-01  0.867E-02  0.923E+00  0.784E-02  0.955E-03  0.698E-02  0.455E-01  0.983E+01  0.639E+00  0.000E+00  0.000E+00  0.000E+00  0.000E+00  0.000E+00  0.000E+00  0.000E+00  0.152E+02
